22 185
783 825
1476 1706
1447 1447
629 681
202 316
769 838
1283 1839
156 156
1932 1974
228 434
684 791
1267 1303
1679 1679
506 1860
68 329
358 662
1684 1785
1449 1449
991 1440
355 380
447 710
1389 1610
934 934
328 1973
355 367
724 748
1117 1259
67 67
1467 1854
191 234
322 643
1912 1998
1221 1221
1895 1989
152 214
535 584
1252 1442
1022 1022
1489 1951
107 494
668 709
903 1577
1475 1475
1792 1799
10 48
662 830
1726 1959
480 480
643 1383
451 492
297 825
1217 1909
167 167
717 794
200 423
188 328
1095 1940
881 881
858 1369
53 234
320 894
1143 1963
1279 1279
464 1151
49 472
104 387
1008 1259
639 639
1992 1995
467 491
790 839
1129 1426
1473 1473
1929 1999
81 90
549 618
1093 1871
1335 1335
1898 1922
30 63
757 776
1102 1901
913 913
114 593
186 314
179 408
1701 1808
1553 1553
962 1689
350 433
240 426
1962 1965
980 980
1564 1574
52 227
509 696
1759 1863
1370 1370
516 918
7 191
143 496
928 1363
1571 1571
976 1980
217 234
755 881
1940 1950
584 584
239 468
375 469
123 281
1774 1892
1428 1428
238 722
17 233
753 808
1306 1417
456 456
878 882
368 386
702 818
1343 1526
1269 1269
1401 1698
198 388
460 734
985 1451
571 571
206 807
404 437
845 856
1455 1564
410 410
1559 1612
394 459
724 773
1405 1551
979 979
306 360
291 432
556 674
1051 1201
89 89
898 986
212 404
458 563
1475 1627
280 280
917 1398
176 208
632 861
1814 1835
3 3
1316 1846
13 103
642 803
1884 1945
176 176
304 1390
199 440
512 739
906 1797
374 374
323 1476
319 406
857 886
1884 1945
1197 1197
1100 1284
209 299
355 893
1370 1950
1744 1744
1400 1668
447 460
898 898
1374 1711
984 984
1930 1957
165 442
171 811
1799 1991
1110 1110
453 744
243 284
473 501
1929 1943
974 974
720 1064
195 447
719 859
1124 1688
1524 1524
952 1483
329 377
540 867
1470 1556
1081 1081
438 1938
358 436
618 623
1097 1758
807 807
1051 1418
478 498
864 895
1775 1864
499 499
1650 1691
399 412
408 425
1980 1988
282 282
237 1527
111 356
152 830
1450 1895
1702 1702
1888 1962
155 207
495 602
1384 1934
445 445
1654 1805
22 497
893 898
1302 1994
486 486
101 1761
32 214
613 723
1753 1902
1772 1772
1766 1829
224 426
612 786
1053 1285
1395 1395
949 1869
56 375
437 651
1940 1990
1790 1790
559 927
345 376
289 765
1951 1972
1785 1785
675 1690
165 485
649 780
1492 1676
1149 1149
948 1824
35 293
297 694
1218 1944
1674 1674
841 1739
93 177
363 476
1752 1942
965 965
1121 1803
103 116
762 851
1341 1628
238 238
1064 1787
273 422
669 710
1342 1814
1455 1455
748 1695
61 229
322 855
1766 1833
345 345
1090 1444
212 485
329 807
1670 1686
144 144
668 1767
256 475
485 594
1242 1406
1758 1758
566 1681
371 496
485 520
1322 1749
1309 1309
441 1649
125 161
789 813
1773 1774
1394 1394
314 449
401 487
165 842
1837 1918
1122 1122
1748 1928
311 387
845 866
1017 1238
803 803
1711 1807
136 357
127 863
1236 1608
1843 1843
1239 1300
403 465
223 473
1397 1683
1321 1321
177 956
261 272
209 687
1244 1293
1698 1698
271 1916
4 121
445 667
1868 1999
1277 1277
110 1410
487 500
775 873
1963 1991
258 258
1961 1989
81 389
334 819
1655 1795
25 25
1913 1942
420 436
373 749
1966 1996
1706 1706
763 1198
471 478
352 685
921 1452
2000 2000
319 453
456 456
560 821
1066 1717
1757 1757
1764 1820
301 426
840 875
1026 1750
416 416
249 814
199 377
557 623
1902 1910
505 505
1637 1644
254 480
279 460
1201 1332
1332 1332
786 851
368 453
664 791
1423 1748
1710 1710
1905 1989
269 367
591 852
1750 1789
1806 1806
1002 1507
222 307
306 781
940 1312
721 721
1875 1881
255 322
431 526
1319 1833
997 997
1788 1981
378 418
443 644
1727 1894
577 577
1583 1644
157 363
251 635
1596 1920
1338 1338
1581 1926
403 440
382 785
1640 1676
1193 1193
1147 1835
427 446
408 742
1932 1956
305 305
1798 1836
154 479
338 792
1419 1682
1735 1735
607 1902
417 497
634 834
1033 1192
1885 1885
131 178
437 452
754 793
1598 1633
1580 1580
618 1319
49 422
356 523
1740 1899
636 636
1788 1980
149 486
645 866
1672 1833
164 164
1638 1845
169 382
730 883
989 1352
1925 1925
1235 1569
274 478
398 440
1830 1990
952 952
142 230
337 488
826 874
1375 1643
847 847
974 1044
226 349
785 879
1794 1858
610 610
495 1702
155 253
424 680
1483 1671
1908 1908
1016 1660
133 326
786 812
1207 1335
881 881
620 1053
425 439
521 570
1277 1958
133 133
739 855
33 316
801 858
1698 1851
861 861
1766 1867
456 456
360 782
1100 1658
46 46
1104 1389
149 444
490 801
916 1343
859 859
1963 1983
91 300
888 899
1924 1974
876 876
145 221
214 476
286 609
1596 1947
1940 1940
782 1876
31 335
850 897
1545 1881
590 590
1886 1903
4 166
194 794
1310 1394
1060 1060
1623 1830
181 444
785 889
1170 1502
458 458
1175 1228
310 339
823 832
1761 1976
126 126
1883 1922
352 355
307 461
941 1002
1874 1874
345 1516
45 475
620 632
1716 1861
807 807
703 973
52 136
335 617
1896 1924
1542 1542
643 1763
342 458
375 677
1336 1437
803 803
1001 1040
143 356
242 596
1728 1849
778 778
1931 1958
419 420
870 900
1076 1361
1434 1434
951 1518
430 480
340 815
1768 1803
346 346
972 1436
354 422
216 349
1632 1767
1263 1263
1412 1730
178 231
307 594
1954 1997
1549 1549
1554 1634
215 245
490 777
1037 1759
1969 1969
119 759
281 293
767 789
1059 1779
616 616
1865 1992
4 47
243 455
945 1094
82 82
285 1807
307 428
552 735
983 1435
1812 1812
978 979
214 294
614 864
1130 1759
936 936
26 1234
181 201
658 703
1895 1959
994 994
232 855
322 326
796 821
908 1919
19 19
1147 1184
291 377
291 507
1705 1803
925 925
274 357
64 323
351 807
1664 1877
302 302
1296 1679
81 100
248 536
1192 1204
544 544
1864 1981
452 465
194 481
1980 1984
56 56
664 1619
20 296
241 592
924 1152
793 793
443 812
322 445
717 760
961 1014
884 884
220 844
330 421
188 492
1928 2000
766 766
1215 1333
243 481
428 687
1720 1771
1343 1343
592 1346
37 482
490 759
1578 1750
1774 1774
268 357
57 383
111 204
1039 1605
210 210
1222 1951
135 441
292 763
1899 1959
1179 1179
1574 1592
387 390
379 656
1582 1787
569 569
405 630
472 481
284 751
1961 1961
1670 1670
1800 1943
457 471
727 759
1436 1928
1138 1138
539 689
31 215
697 860
1871 1884
1915 1915
1672 1958
45 333
643 871
1542 1767
377 377
1518 1824
363 457
640 869
1321 1507
1039 1039
1526 1956
396 407
855 874
1640 1867
755 755
1688 1878
394 407
213 232
1846 1969
70 70
118 1029
322 485
719 891
1704 1906
1785 1785
659 859
263 416
136 476
972 1027
1737 1737
352 1383
156 243
638 762
1250 1813
728 728
1107 1903
385 473
273 624
1771 1808
935 935
597 1995
35 123
223 681
1685 1806
1686 1686
803 1045
35 51
863 894
1661 1908
651 651
917 1790
224 251
395 691
1625 1927
166 166
1266 1656
361 479
373 639
1642 1699
110 110
958 1592
95 217
800 855
1177 1860
655 655
1871 1986
331 368
421 791
1908 1939
1054 1054
1719 1933
224 241
201 476
1373 1500
250 250
769 1990
445 464
815 831
1462 1825
798 798
702 1561
436 486
454 483
1637 1972
138 138
380 1444
5 433
423 820
1954 1989
1663 1663
589 1895
300 389
165 239
984 1131
1664 1664
944 1817
37 70
549 613
1585 1697
864 864
1892 1970
166 464
676 887
1354 1817
1647 1647
372 1999
449 499
436 894
1035 1707
306 306
1331 1888
301 479
347 558
1274 1308
1277 1277
1747 1928
471 475
469 678
1328 1801
1214 1214
1717 1982
402 476
341 674
1342 1851
1659 1659
661 973
24 76
141 741
1937 1943
730 730
1253 1588
359 423
304 634
1606 1838
614 614
1793 1805
461 474
248 387
1181 1742
1289 1289
763 1271
112 171
183 267
1998 2000
1582 1582
913 1984
284 324
239 567
1243 1583
850 850
823 1877
232 368
776 851
1464 1813
1174 1174
485 522
157 427
450 575
1813 1907
99 99
1938 1962
278 326
558 859
1573 1779
1661 1661
1500 1644
152 277
751 794
1216 1687
1751 1751
1456 1876
36 169
436 703
1103 1257
477 477
96 1030
364 384
501 593
1794 1921
517 517
554 1436
23 291
573 612
1676 1982
97 97
97 727
48 466
864 896
1830 1961
507 507
922 1012
147 459
321 465
1389 1903
571 571
853 1014
91 446
487 798
1812 1939
523 523
408 535
385 474
582 648
1244 1554
1526 1526
1902 1993
94 210
675 690
1006 1209
1364 1364
4 1547
155 303
153 379
1476 1659
761 761
1484 1521
81 483
679 695
1902 1984
995 995
164 1664
251 283
420 477
1622 1656
61 61
547 1765
499 500
207 370
1963 1982
427 427
689 1940
143 352
130 719
1445 1841
1984 1984
128 179
36 228
168 732
1070 1941
1154 1154
700 1423
436 468
781 834
1440 1846
491 491
1863 1961
431 434
600 657
1080 1176
1117 1117
1734 1879
156 475
741 795
1192 1500
2000 2000
576 1300
379 380
498 566
1207 1574
639 639
960 1290
269 438
702 704
1827 1904
1191 1191
787 1074
40 50
651 683
1808 1841
45 45
32 743
440 487
287 478
1429 1643
1243 1243
849 1320
435 459
162 615
1884 1910
1446 1446
1717 1964
359 459
241 627
998 1375
64 64
629 889
475 483
123 403
1678 1732
880 880
507 1310
498 500
259 842
1623 1648
199 199
1899 1940
67 174
813 861
1461 1710
1430 1430
434 1050
151 467
728 894
1828 1882
1237 1237
1743 1842
472 491
443 881
1985 1997
16 16
892 1825
488 498
630 793
1249 1795
960 960
1383 1835
29 46
446 666
1717 1897
627 627
1429 1519
456 467
304 643
981 992
1146 1146
901 1411
97 497
541 882
907 1082
1194 1194
1784 1956
481 482
725 753
1169 1343
1795 1795
1976 1996
124 343
193 492
980 1100
516 516
111 1827
357 431
146 670
1059 1437
1226 1226
226 1540
131 187
491 804
1175 1834
1328 1328
1002 1238
75 450
165 846
1687 1790
996 996
1535 1660
333 369
852 866
1437 1876
758 758
1892 1948
96 121
670 764
1711 1742
1456 1456
932 1517
29 187
722 745
1158 1796
328 328
1 23
186 241
257 442
1767 1877
361 361
181 1814
45 255
441 820
1625 1777
856 856
76 233
93 105
195 299
1316 1932
1340 1340
379 432
434 442
253 491
1040 1261
683 683
1248 1841
295 424
753 886
1788 1977
1996 1996
53 886
430 451
603 673
1153 1500
477 477
1332 1610
312 375
792 852
1201 1717
453 453
1886 1893
95 222
896 896
1886 1963
166 166
973 1283
439 473
651 762
1123 1574
429 429
591 1041
238 498
242 655
1481 1852
525 525
1902 1947
202 400
161 280
900 1634
1889 1889
1302 1868
315 458
101 441
1793 1833
124 124
18 617
117 278
438 888
1519 1656
1022 1022
567 1204
30 152
335 529
1791 1970
420 420
1613 1973
445 488
173 711
1336 1828
350 350
849 1862
306 385
220 602
1235 1958
1074 1074
1167 1796
15 331
441 693
974 1660
1622 1622
515 763
120 287
323 427
1958 1972
1410 1410
362 975
19 313
401 713
1065 1980
444 444
928 1238
131 213
275 320
1146 1868
386 386
822 1525
137 462
364 877
1815 1817
526 526
1249 1386
37 286
528 772
1969 1988
1641 1641
546 1008
8 498
558 723
1539 1882
721 721
1466 1511
201 484
548 723
1027 1034
1705 1705
253 1379
436 491
102 345
1055 1428
1447 1447
351 1238
332 423
488 739
1488 1756
258 258
69 757
141 253
127 684
1760 1974
692 692
39 1938
209 445
492 562
1402 1595
73 73
159 1092
177 198
343 648
929 1821
1986 1986
80 1902
89 443
143 210
1431 1442
281 281
1641 1894
317 456
552 824
1356 1509
1459 1459
725 917
495 499
672 897
1896 1935
1304 1304
1532 1684
488 495
899 899
1758 1870
390 390
1454 1468
95 143
396 616
1558 1900
1036 1036
789 1984
471 492
283 816
1479 1894
205 205
230 1084
109 456
661 712
1394 1929
1550 1550
1141 1628
169 239
284 683
1198 1931
1134 1134
626 1938
39 138
664 820
1363 1480
655 655
486 1849
490 494
189 504
1564 1866
776 776
16 423
343 430
824 846
1336 1706
427 427
448 1476
194 200
647 850
1878 1993
120 120
414 1164
495 500
198 240
1130 1719
1451 1451
141 1941
160 272
237 683
1178 1851
732 732
1804 1974
117 304
380 692
958 1414
1103 1103
1434 1553
443 460
126 467
1134 1810
247 247
756 1490
44 210
670 865
1593 1848
1851 1851
1903 1918
240 491
671 818
1590 1832
949 949
88 1270
27 462
417 690
1258 1833
1744 1744
1648 1905
29 127
839 865
1199 1604
321 321
780 1436
176 350
505 662
1946 1991
1661 1661
1507 1837
401 495
475 621
1592 1890
550 550
1973 1995
105 162
406 439
993 1782
487 487
69 1257
63 69
522 750
1800 1984
1202 1202
1825 1867
128 470
182 338
1183 1237
1527 1527
152 339
128 329
851 875
1093 1859
289 289
73 1741
229 392
286 297
1683 1792
995 995
1263 1557
52 241
204 239
1154 1407
264 264
325 1740
15 332
743 763
967 1938
1216 1216
925 1617
113 405
326 870
1130 1175
1488 1488
1838 1950
403 428
455 846
1072 1718
1333 1333
410 769
47 494
408 882
1954 1960
1525 1525
1449 1704
61 114
690 814
1153 1574
1970 1970
1159 1842
43 326
855 871
1591 1977
1807 1807
1266 1954
108 456
247 673
1622 1867
1634 1634
1155 1411
170 488
787 858
1096 1170
1920 1920
1461 1813
77 305
346 481
1766 1982
1071 1071
831 1968
255 268
587 814
1592 2000
1167 1167
1637 1906
494 498
775 897
1193 1663
5 5
1870 1951
160 377
516 764
1928 1964
1060 1060
1702 1867
436 458
109 654
1557 1645
1273 1273
640 1425
173 215
412 866
1441 1988
1444 1444
1117 1944
250 419
182 584
1515 1672
586 586
641 1336
191 261
188 366
1260 1443
1919 1919
1659 1735
112 314
252 653
1468 1870
1432 1432
317 369
200 245
341 354
1812 1949
600 600
1509 1756
275 322
706 824
1750 1767
660 660
1207 1266
18 367
281 866
1016 1168
645 645
552 1064
337 394
242 825
1217 1426
1576 1576
58 1348
305 384
151 660
1643 1649
134 134
1850 1873
28 115
748 784
1894 1920
1064 1064
1310 1343
416 496
688 747
1274 1433
714 714
899 1935
331 454
464 845
1197 1505
72 72
926 1692
399 403
869 881
1869 1929
1088 1088
1933 1963
402 457
575 789
1967 1970
576 576
713 1923
207 279
775 900
1172 1833
203 203
1929 1956
386 446
754 828
1750 1933
956 956
743 1675
462 475
328 619
1342 1398
1194 1194
1220 1540
103 331
800 803
1228 1804
1992 1992
175 1831
257 310
494 711
1594 1905
1846 1846
1354 1919
177 408
620 648
1693 1737
620 620
358 1625
327 489
627 699
1797 1835
860 860
729 738
368 409
263 533
1620 1737
1940 1940
761 1008
391 483
515 718
1624 1940
365 365
1496 1691
60 410
817 877
1862 1903
1619 1619
991 1270
190 463
383 415
1774 1954
1364 1364
1049 1776
292 428
651 720
1754 2000
1400 1400
904 1397
485 488
604 823
1927 1994
1304 1304
573 1293
318 400
731 895
1007 1484
161 161
666 743
373 390
573 697
1891 1980
770 770
294 1867
163 314
458 571
1832 1910
783 783
1085 1097
84 166
537 854
975 1960
1056 1056
1090 1466
432 492
328 480
935 1782
1850 1850
1124 1145
98 112
342 688
1710 1925
1546 1546
1542 1808
152 190
645 843
907 1058
1653 1653
975 1664
293 410
143 268
1305 1682
1940 1940
1000 1970
199 310
362 421
999 1731
724 724
495 1316
208 212
718 724
1854 1917
1653 1653
1122 1429
403 448
555 713
1359 1902
1805 1805
393 742
331 449
846 866
1394 1534
136 136
1187 1474
50 370
341 533
921 1002
1581 1581
1438 1875
435 489
197 302
1867 1877
160 160
615 1250
308 340
409 432
1496 1631
1212 1212
921 924
36 418
483 872
1865 1898
1921 1921
1562 1737
38 367
318 829
1029 1458
562 562
1258 1470
303 326
545 883
1004 1084
1340 1340
136 877
74 448
785 802
1427 1917
1483 1483
1459 1899
472 487
115 403
1074 1947
74 74
680 1714
404 409
217 376
1139 1860
297 297
1424 1985
497 500
438 497
1860 1880
188 188
762 1566
141 460
221 566
1855 1929
1961 1961
1947 1960
472 484
846 896
1186 1517
434 434
1566 1854
466 479
220 777
1878 1884
232 232
1472 1848
295 392
622 635
1847 1872
842 842
695 766
440 481
147 230
1591 1951
951 951
1758 1761
213 497
776 814
964 1776
331 331
1839 1914
319 448
581 610
1824 1874
652 652
495 728
446 487
379 552
953 1411
899 899
108 393
16 22
230 459
1600 1915
58 58
1562 1850
470 479
489 747
1171 1214
797 797
643 1239
366 483
741 885
1228 1910
467 467
1830 1840
15 245
557 813
996 1088
1734 1734
1915 1970
79 391
199 204
967 1078
796 796
513 1443
358 375
558 735
1757 1828
1809 1809
597 963
135 427
324 342
1425 1652
418 418
1393 1725
348 444
205 688
1844 1933
1353 1353
1626 1772
146 239
157 898
1400 1893
1131 1131
1851 1869
16 497
497 510
1088 1610
694 694
1908 1951
390 402
607 747
1442 1563
1328 1328
1122 1132
146 244
636 800
1783 1806
1668 1668
1121 1436
235 430
389 675
1091 1865
1305 1305
1329 1595
217 325
350 816
1833 1984
176 176
1174 1725
82 108
457 651
1580 1809
1128 1128
475 717
466 490
629 807
1474 1657
1395 1395
784 988
320 452
770 783
1486 1556
699 699
1938 1989
337 498
353 760
1888 1929
1732 1732
192 1859
152 307
299 740
1236 1644
75 75
935 1888
352 495
174 733
1132 1958
1961 1961
855 1007
406 492
684 711
1539 1588
1578 1578
1921 1942
398 445
832 855
1963 1978
301 301
1823 1913
213 437
435 684
1222 1280
1580 1580
1233 1682
457 461
342 482
1297 1732
264 264
764 1406
70 307
243 736
1346 1887
565 565
1141 1581
272 418
896 899
1262 1336
1306 1306
130 1924
183 286
577 796
1744 1835
1283 1283
1819 1974
163 382
762 858
1620 1915
1257 1257
985 1256
116 456
617 624
986 1005
604 604
1032 1523
247 310
160 298
1180 1633
606 606
1454 1819
228 464
579 845
1982 1995
1083 1083
985 1962
160 196
736 892
943 1504
1723 1723
1787 1873
275 368
371 512
1349 1969
886 886
985 1238
40 290
543 587
1559 1667
687 687
1656 1995
30 421
488 604
1153 1977
404 404
852 1103
327 395
894 898
1852 1996
859 859
1715 1816
227 272
511 551
1138 1160
1581 1581
939 1344
273 292
617 652
1777 1781
1671 1671
1647 1812
353 403
563 593
1337 1435
1009 1009
328 1003
127 358
260 814
1809 1976
129 129
921 1437
151 417
369 547
1236 1722
1773 1773
1779 1987
236 472
807 885
995 1706
1382 1382
752 1642
81 311
339 494
1212 1254
1754 1754
1222 1666
393 416
818 823
1167 1398
884 884
1316 1695
291 316
177 843
1720 1787
200 200
1725 1947
344 429
297 347
1621 1828
477 477
1567 1624
233 259
774 807
1049 1594
1804 1804
66 1684
386 448
464 565
1129 1817
1952 1952
116 1208
90 478
195 770
1489 1841
197 197
1144 1356
44 368
510 880
1983 1998
1701 1701
1173 1641
125 355
895 896
1804 1805
1396 1396
341 593
303 343
137 838
925 1191
1271 1271
1113 1201
369 420
443 685
1141 1746
828 828
581 627
301 486
796 838
1998 2000
1638 1638
380 814
325 328
345 566
1483 1530
519 519
556 1335
107 244
503 744
1274 1587
829 829
1657 1663
379 497
690 795
1256 1805
1100 1100
1564 1686
473 491
795 880
1466 1827
288 288
853 1924
395 401
883 883
1967 1974
173 173
1000 1020
365 380
661 681
1778 1943
1162 1162
893 1118
215 360
562 878
1295 1403
1413 1413
1672 1967
423 450
856 873
1182 1196
710 710
435 1256
377 414
270 597
1191 1447
66 66
1757 1841
287 330
593 781
1619 1630
1404 1404
836 1957
293 406
364 553
915 1294
926 926
1414 1453
256 495
509 682
1841 1981
910 910
429 1410
317 346
427 459
1550 1927
1716 1716
1555 1873
180 464
122 617
1145 1788
98 98
1631 1872
185 287
535 650
1930 2000
1472 1472
713 1147
173 203
883 890
1028 1070
1491 1491
1424 1873
155 434
513 839
991 1699
1544 1544
439 799
343 441
238 370
1367 1627
1714 1714
1619 1962
47 222
228 495
1512 1608
1129 1129
265 1194
362 447
376 877
1060 1893
1586 1586
442 1602
238 451
784 872
1224 1823
1972 1972
203 1176
214 407
451 709
1886 1978
661 661
411 1649
113 192
738 812
1320 1766
1243 1243
399 617
384 431
298 624
1928 1953
1120 1120
112 1378
16 460
729 771
1008 1719
1030 1030
1538 1634
175 403
421 515
1027 1183
950 950
499 1473
68 426
274 576
1523 1573
42 42
987 1296
240 381
152 834
1422 1802
579 579
201 640
9 362
348 684
1518 1663
1500 1500
1301 1390
107 309
356 834
1232 1716
1894 1894
222 1738
343 459
539 793
1498 1615
1425 1425
1055 1332
230 421
640 759
1859 1974
356 356
449 1702
260 272
510 608
1425 1631
1146 1146
497 1786
186 372
568 818
1256 1737
1467 1467
1185 1497
462 485
452 756
1637 1849
574 574
1105 1883
135 384
438 446
1961 1991
1252 1252
775 1810
34 104
571 748
1416 1923
1863 1863
6 125
356 409
781 787
945 1503
956 956
661 1382
241 261
741 802
1583 1958
1345 1345
604 946
488 499
321 490
957 1931
1236 1236
192 1561
473 480
838 852
1143 1879
64 64
1129 1404
491 498
120 437
1965 1967
1894 1894
1641 1796
227 427
179 262
1377 1972
513 513
576 780
284 354
195 623
1676 1852
1403 1403
401 859
275 320
135 558
1877 1898
1923 1923
1907 1958
286 456
862 886
1278 1578
1418 1418
1341 1421
47 136
191 599
1703 1977
199 199
29 1683
194 383
733 755
1793 1976
467 467
1336 1344
240 429
353 715
1882 1989
1317 1317
112 1782
232 390
741 774
1014 1521
1933 1933
1753 1784
110 160
334 766
1335 1926
1793 1793
236 829
49 245
614 762
1479 1851
316 316
1060 1330
163 266
107 783
1752 1920
238 238
273 343
243 381
180 569
1900 1971
1191 1191
1524 1878
335 460
335 823
1967 1997
129 129
1239 1982
98 464
271 880
994 1214
1928 1928
1161 1336
162 214
159 721
1107 1154
647 647
187 1081
62 153
345 637
1218 1533
1285 1285
797 1014
377 379
891 900
1428 1555
987 987
1563 1702
189 474
107 195
1039 1823
638 638
669 1985
269 462
596 675
1554 1629
1603 1603
1734 1916
147 208
538 613
1446 1866
1639 1639
102 240
393 487
596 861
1858 1900
1450 1450
77 737
164 242
135 338
1388 1390
200 200
637 1550
91 351
884 887
1174 1642
1187 1187
942 1520
54 237
471 484
1168 1588
338 338
276 981
289 404
396 822
1008 1367
779 779
259 954
163 440
719 769
1231 1800
500 500
9 705
233 336
420 474
953 1673
64 64
1893 1920
328 466
681 699
1376 1749
271 271
1232 1836
342 438
246 472
1538 1961
113 113
342 507
94 493
553 885
935 1449
1350 1350
1700 1715
401 446
417 448
1594 1648
1509 1509
639 1296
476 495
684 872
1347 1788
1130 1130
265 1660
355 423
353 891
1271 1388
911 911
1847 1914
238 365
892 900
1382 1798
1764 1764
101 1116
64 436
419 845
1951 1957
1778 1778
501 1539
322 353
317 614
1359 1421
420 420
1807 1948
36 422
775 870
923 1160
1009 1009
998 1471
124 441
681 864
1996 1996
1241 1241
424 1766
224 481
341 775
1268 1713
634 634
1714 1944
179 432
676 747
1598 1937
1793 1793
762 1250
88 329
810 841
1961 1994
1940 1940
1212 1607
493 496
808 822
1425 1593
179 179
1645 1880
315 472
236 420
1172 1813
1206 1206
505 907
162 370
390 766
1701 1837
1035 1035
193 380
232 240
294 678
1523 1541
1578 1578
1251 1482
424 488
826 881
1705 1850
1542 1542
1560 1631
487 499
831 874
949 1360
1680 1680
1981 1981
18 493
661 827
934 1604
1965 1965
1651 1759
305 450
578 628
920 1497
1431 1431
665 1670
327 382
680 734
939 1677
1078 1078
1712 1751
460 486
588 820
1655 1912
1801 1801
760 1237
362 394
741 865
978 1500
1593 1593
1698 1976
145 240
431 836
1502 1589
774 774
577 995
255 349
812 858
1693 1715
112 112
33 687
301 423
525 798
1453 1909
308 308
1525 1867
363 429
538 629
1515 1727
1618 1618
1442 1531
435 474
574 578
1271 1822
340 340
689 1799
423 424
739 780
1464 1605
1762 1762
442 1239
275 479
763 897
1486 1694
1640 1640
693 835
113 140
325 471
1828 1954
179 179
702 1490
195 443
263 459
1159 1285
1603 1603
1333 1726
417 442
895 895
1453 1558
334 334
943 1726
399 442
287 550
1390 1405
1601 1601
1102 1391
111 442
102 322
1112 1899
1494 1494
100 1833
27 294
900 900
1835 1886
1753 1753
1467 1601
33 457
186 221
1677 1747
603 603
279 1121
320 361
406 500
1779 1789
1152 1152
439 744
423 463
586 813
1749 1826
366 366
1877 1899
232 461
411 795
1464 1662
1439 1439
997 1451
264 294
472 525
1572 1792
1972 1972
1071 1597
48 119
456 686
1931 1931
919 919
1934 1980
307 354
569 828
1149 1263
1742 1742
1158 1399
94 471
436 760
1707 1713
339 339
1402 1912
310 429
887 891
924 1778
232 232
86 989
451 499
434 841
1237 1895
974 974
1010 1375
442 462
716 746
1779 1860
1743 1743
641 1792
252 481
273 515
1095 1485
166 166
1605 1926
108 469
127 748
969 1519
520 520
1023 1590
127 161
166 180
1684 1762
656 656
809 1119
211 408
374 384
1906 1930
798 798
1860 1980
133 350
703 883
1256 1264
1886 1886
676 1391
299 352
589 796
1171 1989
1532 1532
1634 1647
86 456
316 593
1295 1537
527 527
1851 1976
133 322
170 724
1842 1860
332 332
672 1250
373 403
588 850
988 1576
405 405
1370 1753
43 254
300 616
1499 1774
1726 1726
827 1341
202 388
357 425
943 1213
1164 1164
1781 1990
246 371
834 845
1856 1971
636 636
732 735
197 343
723 777
1205 1548
1560 1560
1758 1809
153 346
845 850
1008 1422
1757 1757
1834 1977
472 498
836 897
1218 1856
831 831
567 1994
16 161
732 864
1459 1978
1288 1288
608 1393
258 395
613 776
1077 1880
1865 1865
506 684
282 390
703 804
1294 1925
587 587
65 1600
297 435
134 881
1504 1685
1269 1269
22 1010
323 410
876 887
1230 1511
77 77
1899 1940
362 492
717 893
1320 1368
1134 1134
1932 1964
102 500
603 861
1667 1856
704 704
1929 1951
32 211
302 803
1583 1932
1821 1821
651 842
265 494
885 891
1066 1204
1754 1754
877 1846
404 404
274 376
1978 1993
960 960
1176 1843
217 493
857 899
1477 1921
1365 1365
573 1478
158 161
290 657
1288 1781
1098 1098
178 890
132 426
834 836
1015 1307
1173 1173
829 1753
311 362
333 661
1198 1859
876 876
581 1112
41 270
884 890
1614 1783
1129 1129
653 867
337 494
200 220
1633 1900
1285 1285
1564 1727
264 445
245 475
987 1087
485 485
820 1913
327 456
607 703
1315 1353
805 805
1100 1171
462 500
620 875
1095 1267
1440 1440
845 1237
190 281
897 898
1824 1906
1720 1720
350 1868
454 490
175 497
1002 1333
1417 1417
832 933
228 338
418 492
962 1680
1632 1632
44 1484
372 476
562 658
1451 1781
175 175
516 985
439 450
488 733
1647 1770
1155 1155
1888 1981
354 370
281 525
1321 1719
1168 1168
370 1617
253 495
230 769
1585 1699
1063 1063
1224 1644
161 260
315 628
1990 1995
225 225
1645 1860
182 239
782 874
1246 1581
747 747
478 1680
274 313
182 387
1092 1560
367 367
449 516
153 498
336 497
957 989
1655 1655
1879 1906
245 426
900 900
1892 1918
69 69
1097 1431
388 485
274 519
1045 1879
1846 1846
138 1316
240 298
127 700
967 1315
399 399
341 1502
334 392
444 730
1515 1877
1442 1442
1475 1746
208 397
621 721
1523 1572
1006 1006
1227 1614
182 396
337 827
1307 1936
1424 1424
1720 1930
68 238
311 325
1775 1939
972 972
1164 1999
277 454
455 758
1507 1527
1022 1022
811 890
315 499
488 695
1905 1992
625 625
1466 1827
399 500
230 346
989 1612
713 713
1760 1867
136 149
415 530
1816 1972
1639 1639
1817 1874
163 430
839 846
1386 1977
660 660
1649 1736
463 475
613 881
1357 1622
971 971
1987 1990
328 333
536 789
1189 1475
1285 1285
416 1982
498 499
812 899
1989 1992
1892 1892
31 1898
367 464
638 871
1170 1933
945 945
1453 1951
113 443
621 861
1280 1463
152 152
196 1767
263 443
399 512
1735 1987
283 283
808 1621
474 475
321 623
1848 1979
45 45
155 1044
26 333
814 841
1877 1994
1096 1096
1192 1405
44 169
749 839
905 1354
1725 1725
162 1346
109 130
866 879
1374 1459
1238 1238
492 876
190 192
423 521
1302 1742
1677 1677
1335 1487
366 417
517 572
1546 1715
862 862
401 1036
398 441
896 898
1853 1891
431 431
1892 1950
84 86
245 780
923 927
1511 1511
502 1349
144 324
147 251
1034 1691
1830 1830
856 1002
323 368
490 895
969 1452
813 813
1356 1887
180 232
610 626
1479 1483
1146 1146
326 1119
334 411
404 631
1211 1256
1105 1105
1537 1739
179 237
594 599
1614 1699
1420 1420
1729 1775
241 495
277 305
1757 1911
386 386
206 589
497 497
237 495
1771 1782
987 987
1031 1869
147 304
628 866
1731 1821
732 732
1294 1697
461 469
581 617
1010 1742
1175 1175
1069 1532
472 489
417 543
1173 1355
1711 1711
706 1128
23 94
356 814
1366 1509
309 309
1692 1791
259 385
608 656
1593 1951
274 274
1587 1771
146 423
735 794
1412 1823
1317 1317
905 1833
47 239
419 440
1395 1606
665 665
1991 1997
346 474
139 240
1774 1868
128 128
1098 1632
498 498
261 642
1138 1474
1989 1989
1703 1758
305 408
223 640
1076 1540
933 933
215 539
497 498
767 795
1070 1657
331 331
480 795
339 354
576 794
1888 1909
1894 1894
928 989
74 298
807 837
1373 1483
1415 1415
1575 1726
438 480
188 650
1211 1943
1421 1421
797 924
63 70
461 770
1526 1580
1105 1105
1314 1770
314 399
872 878
1521 1551
964 964
1930 1932
340 407
166 281
1610 1868
784 784
1525 1785
406 465
273 822
1131 1223
69 69
516 1080
148 251
725 741
957 1211
1550 1550
985 1570
60 497
644 848
1058 1253
751 751
111 701
159 388
366 510
1356 1570
828 828
228 1388
287 444
348 737
1155 1733
1578 1578
90 1538
79 319
412 559
1304 1480
1719 1719
612 689
434 480
336 676
1979 1989
1085 1085
1284 1699
40 494
857 859
1217 1808
331 331
349 923
243 273
315 567
1982 1996
1021 1021
1472 1577
17 102
142 800
1901 1923
150 150
1157 1228
228 330
545 595
1256 1309
23 23
567 743
316 404
827 882
1405 1783
127 127
1596 1950
261 457
466 775
1041 1649
1585 1585
1964 1983
480 492
868 890
1384 1874
472 472
1442 1987
423 424
273 833
1617 1958
269 269
149 849
346 403
832 874
1847 1945
897 897
820 1960
224 320
470 729
1966 1973
848 848
520 718
29 274
572 676
1211 1710
1982 1982
694 1603
127 309
201 707
1935 1982
82 82
996 1962
426 475
390 831
948 1606
1836 1836
1847 1951
402 407
688 790
1396 1426
1206 1206
1602 1642
476 483
881 887
1734 1978
464 464
624 1634
298 324
725 887
1866 1880
1436 1436
1034 1485
483 499
382 524
1410 1891
160 160
1999 2000
130 240
895 897
1259 1781
645 645
1002 1875
310 368
297 332
1015 1189
1653 1653
387 1070
287 376
269 644
1331 1430
726 726
804 1307
402 465
178 895
1517 1600
1456 1456
216 324
75 247
777 894
1186 1709
495 495
646 747
494 500
306 562
1235 1565
1485 1485
1989 1996
164 321
182 509
1101 1456
1662 1662
896 1049
129 447
640 687
1868 1981
1301 1301
1715 1808
455 464
321 384
1367 1497
1839 1839
321 1897
117 132
838 847
1504 1573
1959 1959
848 1899
461 470
785 821
1448 1896
1495 1495
1507 1732
352 414
134 338
1284 1947
825 825
804 1909
393 439
329 566
1539 1769
1569 1569
1256 1588
88 478
254 658
998 1239
1803 1803
1540 1881
383 482
585 713
1054 1323
1111 1111
340 1866
63 489
554 898
1063 1919
605 605
1013 1442
387 475
277 860
1127 1638
1189 1189
956 1370
338 492
756 825
931 1341
1186 1186
1475 1744
293 369
358 711
1579 1715
842 842
766 1797
58 228
838 878
1026 1460
1332 1332
1617 1744
437 440
213 673
908 1171
1056 1056
1635 1851
371 412
119 570
1233 1495
1913 1913
1107 1439
130 307
740 857
1313 1334
1997 1997
1666 1725
440 477
370 513
1551 1932
613 613
474 1519
96 185
651 864
924 1489
1707 1707
151 315
226 383
304 408
1246 1388
609 609
303 430
33 192
758 819
1132 1294
1204 1204
819 1531
469 480
124 846
1586 1604
1885 1885
996 1343
119 356
140 211
1489 1585
1298 1298
133 1232
292 316
790 898
1201 1852
674 674
1559 1798
179 385
515 662
1994 1999
1126 1126
1769 1837
472 497
461 506
1646 1742
762 762
232 1056
317 419
529 630
1896 1964
1189 1189
1375 1984
3 479
580 873
1395 1431
211 211
1100 1683
385 391
667 718
1134 1219
315 315
1487 1607
486 492
288 536
1377 1590
993 993
241 1614
377 401
457 637
1465 1883
139 139
1211 1591
488 496
593 865
920 1897
755 755
292 1096
452 468
106 145
1968 1999
196 196
1892 1939
24 85
180 448
1568 1934
905 905
1794 1859
41 179
182 403
1898 1990
666 666
1457 1928
13 493
315 386
1935 1979
100 100
1004 1110
151 246
745 843
1550 1895
1924 1924
574 1142
405 488
207 372
1025 1243
174 174
446 1097
168 182
700 832
1172 1608
1521 1521
1185 1960
208 457
205 234
1163 1912
1723 1723
1089 1548
224 358
804 855
1701 1983
143 143
1538 1957
341 498
718 854
1520 1813
1199 1199
1807 1951
185 476
711 851
1149 1227
1006 1006
1179 1256
454 498
476 520
1007 1254
625 625
1062 1371
136 189
656 839
1622 1858
802 802
157 207
164 281
376 401
1040 1251
720 720
640 1051
137 298
709 857
1264 1457
360 360
325 535
92 377
433 701
1281 1421
309 309
1361 1400
386 418
615 852
1553 1744
1851 1851
559 1882
129 267
220 450
1986 1987
857 857
1666 1709
297 427
826 883
1363 1525
1078 1078
361 421
62 439
478 687
1267 1559
279 279
1518 1861
492 493
233 367
916 975
252 252
810 1515
139 379
638 881
1451 1860
421 421
1067 1996
253 390
446 576
1021 1734
1078 1078
948 1272
275 416
602 871
1544 1829
1967 1967
219 377
350 463
354 383
964 1208
764 764
871 1587
348 394
258 627
1342 1758
339 339
546 1051
278 308
499 676
1282 1813
1943 1943
888 927
483 488
862 885
1959 1971
372 372
26 586
237 284
300 541
1693 1955
534 534
609 610
393 445
657 899
1768 1912
921 921
292 434
113 399
236 867
1926 1990
767 767
762 1419
173 261
289 634
1316 1409
1013 1013
370 1331
253 442
672 881
1941 1950
664 664
168 415
107 149
137 435
1816 1913
380 380
243 1587
381 389
241 415
1868 1938
183 183
1333 1420
97 223
827 882
1841 1948
1428 1428
1085 1087
319 410
805 848
1021 1487
86 86
1264 1687
489 494
700 772
1513 1682
1081 1081
577 1763
185 192
500 709
1179 1656
1530 1530
693 1652
163 398
828 883
1099 1237
597 597
1419 1824
96 447
896 896
1426 1488
1492 1492
544 1945
339 494
253 734
1200 1719
464 464
569 1363
192 288
645 700
1142 1840
105 105
1645 1850
122 372
131 545
1482 1758
1940 1940
398 1736
100 492
312 432
1015 1553
1535 1535
1635 1850
444 495
641 783
1710 1814
163 163
183 1535
383 402
172 637
1514 1902
873 873
1026 1167
441 450
346 771
1333 1684
492 492
1005 1272
496 496
398 788
913 1430
1013 1013
1642 1670
298 500
682 816
1213 1957
1195 1195
1819 1822
435 437
434 869
1162 1535
1091 1091
1358 1544
442 448
746 888
1744 1919
1441 1441
1970 1974
464 487
205 228
1437 1882
1417 1417
1880 1956
29 372
122 485
1176 1379
596 596
170 763
473 481
265 482
1624 1798
1908 1908
1934 1967
222 412
354 525
903 1836
1287 1287
332 1333
426 483
739 807
1301 1857
1920 1920
644 657
239 363
654 895
1080 1176
332 332
1725 1853
195 198
127 523
1548 1989
75 75
372 1942
150 425
403 803
1384 1704
1528 1528
237 893
169 440
440 530
1540 1630
214 214
1547 1627
355 475
826 853
986 1876
1752 1752
1456 1844
349 452
333 672
1856 1979
541 541
1077 1631
361 495
289 769
922 1548
546 546
1676 1850
67 226
150 429
1383 1583
1769 1769
716 1103
25 371
550 715
1285 1349
783 783
1652 1866
62 178
718 737
1247 1350
292 292
1932 1944
352 361
796 807
1587 1839
1543 1543
1796 1937
64 491
399 774
1260 1676
1789 1789
170 1627
164 309
251 461
1948 1966
1052 1052
1502 1924
143 185
834 890
1002 1213
1692 1692
1989 1989
425 448
317 801
1222 1496
315 315
1907 1990
220 440
824 843
1696 1751
1191 1191
1565 1875
420 434
636 702
1307 1569
368 368
1093 1152
444 474
233 561
1168 1733
933 933
835 1811
212 340
888 900
907 1324
1194 1194
1116 1410
169 240
227 331
1745 1861
1986 1986
1073 1939
112 433
777 806
943 1551
1486 1486
440 1954
215 473
717 748
1047 1840
1860 1860
43 1846
389 413
299 540
1875 1960
207 207
838 972
26 393
831 892
1041 1831
13 13
1941 1964
85 123
807 822
1678 1845
1902 1902
966 1076
454 498
640 886
1500 1908
225 225
1654 1655
312 415
305 443
1148 1174
1294 1294
1531 1638
106 392
885 900
1733 1803
922 922
1677 1705
69 306
393 686
1426 1652
474 474
467 981
153 428
636 766
1579 1615
1770 1770
1811 1964
264 425
216 549
1287 1315
507 507
666 982
19 368
694 865
1812 1911
449 449
593 1659
206 389
836 858
1268 1523
436 436
202 1093
470 476
885 892
1990 1998
143 143
835 1157
404 449
647 876
1913 1928
1184 1184
1877 1965
355 461
770 849
1890 1992
251 251
284 303
492 492
810 817
1660 1674
558 558
822 1934
471 481
883 894
1204 1276
453 453
1819 1994
29 227
174 838
1926 1978
75 75
1779 1853
78 389
542 853
1391 1464
1896 1896
1934 1942
394 425
226 254
1528 1862
1744 1744
1879 1987
440 464
759 800
1031 1111
67 67
1638 1840
414 424
613 679
1490 1988
141 141
656 1528
22 300
352 842
1285 1301
1177 1177
1658 1703
238 446
592 821
1778 1813
262 262
851 1819
458 493
339 815
900 1145
1751 1751
1952 1986
367 468
802 843
1336 1915
1197 1197
24 1473
6 84
117 649
1961 1996
423 423
1417 1572
364 392
205 791
1443 1886
1296 1296
947 1048
369 452
414 637
1322 1611
1650 1650
588 1955
442 463
433 562
1129 1215
899 899
1247 1822
75 99
390 673
1250 1315
250 250
1157 1195
195 272
235 402
1909 1978
1728 1728
1410 1880
491 499
611 794
1430 1974
632 632
1214 1693
453 469
661 856
1958 1958
413 413
1228 1405
206 453
543 619
1940 1966
1394 1394
239 437
56 309
158 430
1550 1875
1295 1295
1953 1991
31 335
362 387
1140 1637
337 337
1618 1797
130 273
513 605
1485 1923
61 61
121 1537
64 408
301 739
1163 1539
962 962
361 913
217 361
742 769
1380 1959
648 648
1478 1879
391 402
767 798
1339 1994
1691 1691
1571 1871
373 386
887 895
1333 1517
617 617
549 939
377 493
477 855
1194 1717
1407 1407
1661 1674
388 400
671 775
1353 1850
427 427
984 1194
42 425
770 812
1102 1503
789 789
1813 1950
290 470
431 707
1467 1516
442 442
915 1380
70 253
879 884
1442 1844
1398 1398
388 729
125 362
326 390
960 1181
1852 1852
1444 1728
171 329
366 871
1070 1797
869 869
780 1925
104 190
725 745
1518 1617
750 750
680 1021
227 431
805 827
1940 1982
1475 1475
832 1225
359 429
332 340
1457 1548
897 897
108 932
151 390
431 449
1150 1478
99 99
563 1391
267 381
434 440
1313 1768
423 423
768 1210
389 454
185 339
1449 1498
1771 1771
1730 1853
283 293
539 799
1443 1912
1384 1384
882 1529
375 472
824 864
1930 1965
1676 1676
806 1817
263 349
642 718
1098 1310
1433 1433
1594 1762
301 393
129 247
1140 1152
403 403
644 725
340 465
862 883
1077 1523
990 990
1089 1704
136 195
605 665
1888 1899
1024 1024
760 1043
391 474
396 708
904 1493
1423 1423
1720 1940
443 455
577 843
1228 1995
279 279
1729 1941
485 497
217 316
1693 1743
681 681
1877 1959
277 456
844 880
1364 1830
661 661
637 986
307 363
785 848
1943 1985
678 678
1216 1829
304 352
709 807
1756 1790
1252 1252
1496 1751
482 487
112 272
1484 1534
1103 1103
1070 1280
197 299
670 853
1887 1926
1874 1874
753 905
419 424
285 432
1917 1980
1905 1905
1469 1487
372 479
409 874
1760 1817
1038 1038
1933 1983
392 420
459 603
1613 1989
77 77
113 367
266 452
558 868
1469 1724
1124 1124
959 1833
173 241
221 710
1154 1382
1491 1491
382 1675
357 414
659 760
1692 1835
1035 1035
1320 1847
489 495
102 843
1074 1169
1569 1569
1959 1967
419 439
694 718
1430 1459
988 988
1691 1986
15 149
467 763
1799 1885
984 984
614 723
30 373
582 582
1147 1785
821 821
1972 1982
437 480
666 700
1257 1540
928 928
1452 1455
199 384
799 815
1135 1927
1983 1983
1497 1773
98 416
577 767
1283 1572
253 253
1354 1521
249 389
581 600
1126 1549
652 652
1584 1968
443 471
465 824
913 1280
1937 1937
1425 1762
164 237
417 739
1658 1775
1316 1316
1859 1902
236 326
599 660
1757 1973
787 787
327 1361
458 464
598 872
1884 1934
50 50
530 560
432 471
464 487
1843 1868
384 384
987 1573
317 447
347 780
1454 1581
1018 1018
1095 1379
175 344
475 669
1602 1612
1345 1345
873 1940
125 367
223 739
1949 1996
1902 1902
1279 1769
474 499
483 558
1979 2000
1836 1836
49 1579
284 450
556 825
965 1101
1680 1680
871 1641
104 134
721 802
909 1677
1231 1231
1429 1744
84 198
586 646
1527 1961
633 633
1444 1478
15 379
408 900
1757 1895
1754 1754
1282 1758
416 463
180 723
1029 1693
891 891
183 885
141 385
353 424
1317 1649
571 571
480 562
318 445
448 794
1690 1931
292 292
817 1651
44 123
576 746
980 1358
447 447
780 873
128 419
832 880
962 1396
36 36
947 1711
275 425
883 894
1900 1994
1559 1559
966 1820
149 204
621 672
1157 1793
432 432
184 954
255 425
167 354
1274 1995
1081 1081
214 1700
383 409
162 572
1609 1654
1783 1783
1590 1623
273 418
519 832
1931 1966
905 905
1556 1655
410 458
474 526
1829 1864
1684 1684
66 1945
129 384
750 877
1437 1604
1415 1415
1704 1779
30 124
423 893
1413 1478
1764 1764
580 1299
415 498
377 390
1202 1684
1482 1482
926 1766
376 463
817 860
1261 1978
842 842
90 1702
340 398
782 885
1387 1414
1564 1564
157 1631
57 498
739 767
927 1727
434 434
1585 1593
164 292
412 771
2000 2000
1287 1287
346 584
292 444
507 884
1656 1925
1682 1682
161 1553
418 474
319 405
1127 1867
1985 1985
728 1372
474 482
382 879
1848 1994
791 791
823 849
120 210
855 880
1147 1445
307 307
82 993
263 322
862 875
1154 1192
1966 1966
648 790
52 237
742 847
1601 1747
1664 1664
1068 1074
4 6
754 837
1378 1522
1313 1313
116 735
35 409
394 695
1852 1954
1732 1732
230 1406
74 265
877 887
1641 1818
581 581
425 1816
260 264
430 661
1989 1999
650 650
146 537
365 390
665 789
1952 1954
257 257
1641 1695
372 466
593 622
991 1589
1441 1441
808 1681
26 317
773 874
1253 1806
577 577
1214 1335
260 376
475 860
1904 1986
385 385
615 1450
245 493
208 389
1541 1698
379 379
893 903
346 484
421 450
1074 1270
171 171
1390 1935
46 236
643 797
1994 1996
641 641
568 1828
217 366
596 830
1382 1698
238 238
44 1060
269 456
513 584
1564 1645
935 935
808 1555
455 478
709 829
1981 1989
1937 1937
692 1167
28 281
377 409
1522 1999
1527 1527
1658 1976
60 123
560 876
1214 1416
1757 1757
340 785
116 307
358 886
1472 1795
1666 1666
1304 1367
188 229
357 851
1294 1998
457 457
1239 1754
244 481
474 821
1198 1493
1258 1258
172 911
116 117
875 885
1330 1853
1308 1308
201 340
6 117
299 420
1143 1554
1822 1822
944 1623
238 472
726 866
1396 1956
1502 1502
1787 1980
214 436
363 743
1639 1717
229 229
760 1736
454 472
400 495
925 949
1680 1680
120 1321
288 288
762 843
1045 1703
1294 1294
1332 1716
197 214
655 713
978 1197
429 429
374 1254
460 491
357 759
961 1843
758 758
16 620
236 440
317 462
1431 1857
80 80
736 1545
369 500
231 484
1331 1336
811 811
398 433
155 367
282 471
1918 1994
1255 1255
803 1927
38 404
172 726
1502 1587
544 544
854 1918
495 496
508 613
1484 1943
103 103
935 1325
176 270
563 663
983 1436
578 578
1644 1858
57 122
393 440
1957 2000
1250 1250
1776 1777
153 322
322 406
1604 1982
1290 1290
1538 1869
289 307
207 805
1212 1606
774 774
533 1199
27 115
108 386
917 1370
1779 1779
751 1580
339 431
695 809
1144 1608
312 312
752 1528
477 484
437 440
1839 1867
798 798
2000 2000
352 448
611 663
1124 1346
1392 1392
774 1226
10 288
385 610
1887 1994
67 67
494 1935
83 403
689 802
1594 1804
1526 1526
105 938
447 474
726 784
1389 1537
587 587
1087 1245
257 259
646 725
1617 1935
1869 1869
156 1926
354 471
177 818
1962 1964
1547 1547
1089 1989
154 443
746 751
1049 1557
206 206
1127 1830
83 467
148 706
1004 1307
307 307
340 484
177 422
598 790
1384 1441
1767 1767
91 1734
259 398
117 128
1528 1967
439 439
902 1154
274 474
283 738
1067 1569
1973 1973
792 1317
331 481
534 753
1565 1997
1549 1549
84 265
315 396
374 600
1283 1593
2000 2000
764 1467
67 233
577 617
1264 1843
617 617
255 824
157 315
719 850
1513 1773
678 678
1070 1157
210 343
439 815
1795 1901
1412 1412
1918 1941
12 478
281 485
1093 1429
746 746
779 1061
272 459
230 817
1209 1271
1443 1443
1570 1815
45 308
309 689
1403 1527
1725 1725
1936 1950
310 443
439 442
1410 1421
1622 1622
1695 1910
78 111
702 727
1088 1212
942 942
169 926
49 285
402 885
1285 1495
1696 1696
1864 1880
158 311
196 642
1236 1760
941 941
1721 1985
367 463
742 835
1986 1997
199 199
795 1382
202 296
822 846
1416 1882
1366 1366
1755 1808
153 445
510 868
1502 1688
1676 1676
511 1918
187 262
274 418
1748 1855
507 507
1879 1996
157 238
801 896
1111 1758
1740 1740
1275 1779
306 374
433 586
1851 1875
1378 1378
1096 1151
59 436
861 887
1046 1068
374 374
1752 1878
489 490
652 673
1233 1287
593 593
605 1845
238 404
128 402
1070 1183
1680 1680
169 519
115 252
538 605
970 1662
1510 1510
1119 1248
77 254
654 875
1877 1906
1269 1269
1529 1941
318 445
573 894
1601 1721
428 428
1346 1892
297 342
219 508
1419 1678
690 690
1014 1921
280 485
805 876
1980 1993
490 490
1342 1607
489 498
469 672
1247 1464
1697 1697
668 1015
340 349
365 599
1013 1999
1550 1550
880 1846
332 445
855 862
960 1392
292 292
1908 1935
125 211
796 881
1384 1527
841 841
972 1546
347 494
747 761
1679 1864
1750 1750
1327 1839
452 500
266 357
1496 1538
1868 1868
1606 1937
320 348
659 870
1456 1483
638 638
61 1707
429 497
393 855
1858 1995
980 980
592 756
301 423
114 441
1791 1866
5 5
802 1802
299 485
837 889
1606 1676
1137 1137
470 766
356 425
170 741
1494 1770
1497 1497
1290 1721
321 467
590 657
1213 1259
60 60
1800 1922
301 428
429 623
1259 1396
578 578
1036 1489
268 413
683 810
1537 1650
841 841
663 1938
417 419
447 887
1589 1856
468 468
780 1113
459 470
223 505
1154 1741
459 459
932 1456
343 461
865 870
1498 1674
998 998
1318 1930
79 216
791 806
1399 1920
1783 1783
772 926
232 442
741 862
1805 1940
1795 1795
1831 1943
416 432
325 411
1100 1141
411 411
232 1522
428 456
686 722
1070 1350
1966 1966
1773 1834
420 469
603 654
1896 1920
976 976
11 1046
382 475
241 310
1657 1917
139 139
1010 1559
45 370
816 854
921 1233
749 749
45 839
468 474
601 710
1045 1071
139 139
148 1585
482 485
160 619
1526 1727
1469 1469
384 871
276 349
372 783
1457 1799
1943 1943
1177 1531
182 339
744 764
1271 1440
1028 1028
1040 1127
333 454
559 744
1498 1965
513 513
1601 1655
221 401
178 626
1371 1638
61 61
1112 1848
229 433
159 543
962 1550
1878 1878
491 1937
126 149
583 697
1878 1941
1015 1015
1633 1903
498 498
306 486
961 1184
1096 1096
1404 1409
361 397
313 616
1207 1217
513 513
1886 1978
227 292
716 841
1893 1901
1595 1595
1948 1950
353 473
458 696
1565 1814
771 771
1126 1212
249 353
609 873
1276 1780
205 205
915 1337
36 194
262 828
1424 1673
766 766
1713 1782
1 374
631 777
1169 1895
1819 1819
1476 1859
310 474
276 416
1323 1803
1782 1782
1494 1517
256 278
355 786
1478 1858
274 274
1544 1875
8 14
120 212
1203 1806
591 591
563 1336
166 291
768 791
1932 1957
483 483
382 1136
85 99
822 889
1925 1986
885 885
654 1948
72 405
148 666
1491 1977
1754 1754
64 1197
11 215
120 455
1182 1918
1376 1376
315 348
197 447
697 784
1899 1910
48 48
1722 1785
391 488
178 645
1431 1437
839 839
303 1574
70 283
627 632
1228 1789
622 622
1046 1193
180 344
192 738
1870 1890
500 500
1685 1946
279 309
695 858
1810 1829
1444 1444
923 1076
421 432
595 666
1940 1977
1496 1496
478 1147
76 202
743 869
1734 1833
1707 1707
1975 1976
169 310
518 835
1383 1993
1872 1872
1741 1798
21 40
881 891
1564 1952
727 727
1657 1962
152 206
138 388
1839 1974
375 375
1715 1941
478 486
678 755
1314 1632
33 33
1476 1688
79 315
259 590
1065 1633
1037 1037
264 1135
287 397
173 815
1777 1900
1972 1972
1696 1705
24 66
661 750
1423 1883
1976 1976
491 1627
282 380
284 421
1319 1791
453 453
483 1842
344 360
309 671
1576 1885
1626 1626
1259 1800
