137438953472
75
779547116602436426
1099511627776
72
74859962623690081
72057594037927936
29
919845426262703497
524288
75
148049062628894325
288230376151711744
84
1312150450968417
8388608
32
615812229161735902
4194304
37
891351282707723857
4096
18
666729339802329211
1125899906842624
6
711066337317063340
68719476736
68
203911016125660016
32
63
676105575462224593
288230376151711744
91
536187734191890310
2097152
68
192583020404011431
524288
57
766777666160449218
4194304
28
662180230164163676
562949953421312
21
316222891501899080
1073741824
45
935387048910748511
8589934592
67
428344292824284691
2
35
381451598031262034
288230376151711744
80
455179508131381221
4194304
1
463213054346948152
9007199254740992
31
371026816893229302
2199023255552
96
725988133037119022
1099511627776
99
446451777189766466
128
2
151401335694053968
8
75
697224105409233792
137438953472
10
640219260799979694
268435456
54
664860202421624712
512
80
530147934509928121
4503599627370496
92
898316458265804420
1048576
7
758551024807497925
8192
17
21314793613363438
144115188075855872
86
760727755846216104
67108864
20
676526945279509806
65536
58
542826291792345559
1152921504606846976
2
621646568444723554
4294967296
25
166067991026697435
70368744177664
64
880087646751627327
68719476736
32
575330913736386595
128
20
972899645417787658
536870912
92
961905130001849130
288230376151711744
89
423472610938207958
1024
100
852841820206347466
8796093022208
29
694049173787179775
16384
70
174059246927999455
2251799813685248
28
59132663174616807
128
98
117071663198091552
140737488355328
11
168176140702179569
16777216
84
630192867080656954
17592186044416
14
193193702519216315
18014398509481984
34
859310905209550382
1152921504606846976
26
926897751574671008
18014398509481984
62
179102579989214957
8388608
31
787629613935422061
562949953421312
88
704087678909664305
1
64
749237115317441890
4
47
454112291922390943
18014398509481984
93
753084815602287469
9007199254740992
16
433879482817020443
65536
25
438538728083003299
64
63
93213540801006699
288230376151711744
76
413303781258387455
16384
90
725620726770179343
137438953472
20
790062108073141342
36028797018963968
39
593694707008454496
2097152
1
952720572201731258
4398046511104
77
879054556667480040
524288
38
713967949668172455
1152921504606846976
53
266726083774034433
16
57
737364434782327307
536870912
78
413499651741452977
137438953472
99
406238433679854882
70368744177664
26
916788485636973764
131072
1
940033175955122098
67108864
63
863812025013801515
32768
95
301305598619696523
67108864
6
159394334953758357
2
10
543552620446521410
16
11
981822286016497484
128
59
877835694720649262
281474976710656
49
694875412087041107
16384
37
162281868021197987
34359738368
6
310732850749994685
32
42
172755266467186542
16
94
124712364621852751
562949953421312
98
590436620387235729
134217728
64
838739433318238297
1125899906842624
20
712637821028415297
524288
17
769483004587344338
8
83
6059547534407965
18014398509481984
41
828903720945829555
512
16
170404898457518256
2097152
11
907855997051853974
4096
24
149588437607469609
4398046511104
4
425171425350891151
8388608
76
126848078891668825
33554432
39
134845565732593737
64
23
768984042115876846
524288
54
740566312957165157
134217728
43
156558472036571886
