54
15
77
0
18
38
23
186
1
15
69
36
12
0
452
87
101
34
1
150
8
88
74
0
548
4
8
47
0
130
15
107
29
1
32
21
16
63
0
154
129
14
225
0
2
13
56
78
1
247
14
177
231
0
26
75
47
282
0
171
61
192
274
0
229
141
95
84
1
2
8
16
99
1
24
4
24
259
1
8
12
6
266
0
160
43
77
36
0
243
28
63
2
0
3
58
63
35
0
135
61
118
145
0
335
6
42
4
0
77
32
53
39
1
161
72
19
37
1
2
6
39
61
1
100
64
91
155
0
201
11
4
37
0
18
22
16
49
0
19
48
39
50
0
29
64
35
51
0
161
11
77
7
1
177
30
54
21
0
362
80
76
298
0
385
29
10
21
1
62
30
179
194
0
90
5
0
113
1
9
93
214
64
1
98
14
10
5
0
115
85
47
188
1
177
16
110
29
0
501
26
2
221
1
122
7
11
30
0
14
5
6
3
1
431
82
226
148
0
25
18
36
183
0
50
158
2
231
1
554
61
37
50
0
21
68
59
78
1
307
107
72
17
0
123
11
159
7
1
339
107
44
61
1
293
86
133
243
1
299
29
38
64
0
228
4
30
96
0
241
50
14
157
1
316
56
178
23
1
118
91
160
6
1
367
73
37
55
1
372
42
12
143
0
403
12
9
1
0
45
29
226
27
1
60
26
7
74
0
32
74
245
125
0
21
21
83
96
0
260
4
160
17
1
548
39
74
44
0
434
4
33
9
1
10
103
162
47
0
10
6
125
10
0
145
3
111
178
0
45
1
87
217
0
19
42
12
242
0
189
59
22
3
0
3
76
61
44
1
22
29
42
108
1
29
33
88
13
1
169
29
159
124
0
3
23
32
172
0
65
14
67
56
0
21
69
128
109
1
116
12
134
12
0
229
6
112
9
0
13
108
152
88
0
432
27
67
53
0
16
5
13
12
0
234
124
56
54
1
65
113
74
54
0
70
71
51
121
0
112
68
14
54
0
29
50
16
89
0
24
41
32
22
0
403
33
85
63
1
215
64
9
43
0
145
5
17
227
0
39
95
20
52
1
34
1
141
186
0
96
99
104
142
0
7
70
4
17
1
25
87
108
118
0
365
101
16
113
0
6
54
200
28
0
70
88
35
111
0
18
10
3
72
1
13
1
51
21
0
391
144
4
49
1
90
28
94
10
1
373
39
101
34
0
13
71
118
41
0
9
1
11
95
1
190
17
158
12
0
155
23
45
46
1
106
18
96
14
0
27
10
96
241
0
214
4
8
241
0
43
14
71
50
0
508
40
62
151
1
1
27
84
210
1
403
7
15
22
0
208
1
8
337
0
12
29
73
33
0
28
86
153
71
0
128
7
96
4
0
39
5
96
2
0
318
92
117
77
0
123
41
15
18
0
208
31
102
24
0
40
80
87
17
0
251
148
90
58
0
30
109
32
189
1
243
103
157
21
1
6
2
92
68
0
76
3
156
0
0
48
5
11
164
0
50
61
54
5
0
95
97
76
76
0
103
32
76
62
0
144
4
7
76
0
64
4
7
41
0
304
54
58
68
1
67
51
113
19
1
344
30
42
188
0
266
29
118
12
0
467
30
153
41
1
81
6
11
83
1
291
9
99
101
0
131
39
89
19
0
211
41
19
228
0
39
12
123
11
0
72
6
92
43
0
407
6
6
121
1
287
17
10
112
1
355
143
133
12
0
435
30
25
50
0
291
11
22
37
1
26
99
70
154
1
543
17
153
225
1
186
59
71
12
0
60
2
70
158
0
88
25
111
170
1
104
18
201
2
0
112
22
110
77
0
4
5
47
187
0
169
20
29
1
0
357
14
110
113
0
351
45
25
117
0
13
90
42
31
1
9
16
101
69
0
49
42
14
157
0
140
45
89
52
1
312
7
31
43
0
294
90
14
102
0
210
140
11
44
1
30
105
49
172
0
54
118
104
43
0
43
30
23
104
0
31
39
6
68
0
514
50
76
62
0
13
135
5
28
0
500
11
20
12
0
406
0
55
6
0
417
70
196
132
0
17
65
189
291
0
241
11
18
136
0
33
1
20
33
0
49
107
19
103
0
242
0
23
122
1
111
57
1
26
1
96
3
11
11
1
237
16
64
71
0
158
9
152
9
1
82
34
129
126
0
87
3
94
18
0
268
1
194
9
0
14
36
17
84
0
206
105
56
18
0
34
6
146
4
0
311
4
55
182
1
151
6
74
60
1
30
4
113
4
1
170
133
114
58
1
58
0
10
58
0
7
73
100
40
1
573
25
175
127
0
438
19
105
220
0
79
126
228
34
1
42
13
5
147
0
19
9
31
10
0
195
53
8
213
0
7
19
62
37
0
544
71
127
51
0
52
5
35
206
0
18
3
79
74
0
198
43
45
64
0
278
7
24
116
1
93
22
21
172
1
3
43
0
26
0
103
11
38
150
1
151
87
138
124
1
16
66
40
245
0
189
48
114
14
0
200
54
151
46
0
213
41
65
60
1
120
14
180
164
0
338
27
127
241
1
210
106
85
229
0
83
56
35
5
1
205
98
104
306
1
103
28
15
241
0
235
109
171
1
0
46
83
82
6
1
155
164
56
115
0
15
95
59
2
0
375
18
82
125
0
296
31
84
90
1
230
38
186
72
0
634
79
24
64
0
312
8
102
298
1
608
118
23
4
0
85
47
91
52
0
64
2
76
14
0
51
3
0
38
1
5
16
74
114
0
399
8
178
139
0
285
116
17
179
0
162
23
133
244
1
438
34
52
39
0
455
1
106
101
0
136
29
8
123
0
343
2
68
39
1
251
2
15
197
0
601
37
149
225
1
57
63
104
152
0
40
6
114
226
0
245
56
65
86
1
5
84
49
81
0
394
146
92
192
0
86
33
9
135
1
219
58
52
15
0
110
32
49
100
0
8
20
11
264
0
397
3
77
62
0
14
114
52
18
1
63
67
8
255
0
556
54
4
37
0
99
63
12
85
1
472
106
7
324
0
231
98
182
15
1
38
8
131
215
0
120
149
159
2
0
86
18
42
140
0
228
94
6
129
0
230
117
142
82
0
86
106
24
25
1
118
76
45
72
1
380
5
76
136
1
90
2
41
157
0
27
72
83
12
0
55
7
182
30
0
262
14
151
182
0
276
56
134
53
0
232
24
60
62
0
26
67
134
134
0
18
15
5
46
1
83
16
39
6
1
20
117
195
51
1
171
19
195
70
0
430
27
170
2
0
8
29
12
9
0
11
27
20
53
1
346
41
127
103
1
256
2
4
21
0
10
19
72
1
1
404
25
42
221
0
10
20
25
61
0
311
5
97
19
1
107
76
1
192
1
552
18
73
104
0
188
78
10
15
0
422
55
25
13
0
4
14
90
40
0
83
31
68
105
0
65
117
20
14
0
93
91
11
60
0
243
45
24
82
0
164
1
73
22
0
241
28
55
159
0
26
6
42
30
0
525
50
38
26
1
4
28
106
329
1
125
21
51
283
0
7
5
116
72
0
89
13
67
50
1
230
39
42
126
0
323
37
20
245
0
274
1
2
22
1
103
15
53
182
0
117
39
7
47
0
96
107
64
28
1
146
19
35
3
0
212
11
8
45
1
2
128
130
11
0
59
110
171
144
0
71
8
113
27
0
247
125
6
164
0
147
5
96
292
0
345
2
53
241
1
187
1
20
7
0
269
107
115
25
0
5
4
17
110
0
97
4
186
3
0
126
32
4
9
0
24
14
28
120
1
2
95
13
271
0
26
43
10
17
0
78
14
58
153
0
96
2
77
105
0
96
3
87
14
0
199
40
49
227
0
4
77
86
31
1
18
104
2
37
0
311
6
60
24
1
123
98
7
76
0
111
33
161
30
1
49
31
247
165
1
7
160
5
174
0
15
5
47
41
0
4
33
55
8
1
105
65
96
258
1
89
36
156
51
0
184
9
65
77
1
81
8
60
61
1
68
44
5
23
1
18
54
136
14
0
556
52
147
137
1
318
48
187
275
0
51
29
10
17
1
7
16
8
5
0
30
75
84
19
0
150
1
47
145
1
214
79
165
181
0
147
49
1
25
0
598
35
73
30
0
52
73
33
99
1
90
114
3
7
0
164
21
46
151
1
122
79
89
5
1
326
12
52
187
0
29
31
47
207
0
84
83
15
36
1
114
131
39
275
0
84
23
2
48
0
34
15
13
7
1
136
7
12
1
1
56
17
10
33
0
225
77
185
56
1
173
89
60
163
1
70
79
27
237
0
297
77
52
15
0
148
8
2
78
0
127
9
223
22
0
75
29
17
69
1
19
9
12
182
0
540
21
34
229
0
364
130
192
117
0
71
108
124
6
1
157
77
0
0
0
84
14
234
89
0
30
18
81
202
1
16
62
14
1
1
145
1
74
16
1
260
46
81
105
0
2
39
36
183
0
41
6
29
121
1
357
2
0
3
0
7
5
7
55
0
75
49
105
36
1
98
10
6
5
0
274
13
110
86
1
28
15
63
4
1
374
38
63
127
0
13
80
58
47
0
328
10
11
126
1
106
95
165
215
0
81
34
38
23
0
145
10
2
14
1
150
93
109
236
0
120
33
44
87
0
115
59
90
33
0
310
29
167
278
0
387
71
29
200
0
325
64
86
31
0
413
27
25
149
0
73
16
109
9
0
422
148
15
238
0
32
76
31
52
0
325
120
101
17
1
104
48
228
127
1
147
118
113
49
1
30
68
160
162
0
506
39
85
39
1
93
64
40
39
0
418
4
33
69
1
430
63
83
161
1
105
8
102
71
0
259
84
3
10
0
345
23
59
170
1
40
18
2
187
0
240
7
21
125
0
114
4
57
325
1
457
3
5
246
0
92
3
106
1
0
52
67
28
199
1
69
24
143
59
0
153
15
142
7
1
17
57
8
101
0
27
30
136
92
0
552
63
7
61
0
3
64
121
36
1
557
53
12
170
0
10
17
144
198
0
198
65
50
125
0
90
34
226
57
0
24
47
130
24
1
119
42
163
10
1
248
122
203
73
0
59
18
188
16
0
298
31
98
106
0
73
1
4
43
1
47
96
30
261
0
439
65
27
26
0
61
21
25
141
0
47
32
89
14
0
220
26
68
1
0
304
87
1
156
0
193
62
5
140
0
236
38
143
120
0
232
92
17
190
0
233
35
19
240
0
10
46
7
125
0
202
33
76
141
0
56
133
111
172
1
5
15
11
18
1
220
7
63
148
0
465
23
180
39
0
23
42
3
139
1
339
124
142
2
0
347
10
99
21
1
47
129
32
79
0
158
106
62
0
0
447
86
145
149
0
77
85
24
113
0
163
80
11
11
0
132
1
5
57
0
78
53
62
214
1
134
70
126
46
1
62
3
129
6
1
78
21
18
48
1
24
4
15
137
1
0
159
55
223
1
36
49
17
193
1
335
19
18
247
0
13
9
78
86
0
159
11
42
175
1
93
32
135
29
1
139
32
16
7
0
219
41
92
152
0
114
23
30
71
0
30
14
1
184
0
370
1
14
48
0
266
68
45
69
0
48
9
49
42
0
263
83
66
42
0
131
9
0
35
0
261
15
88
5
0
96
111
74
263
1
578
90
1
17
0
45
142
12
24
1
281
14
31
4
1
102
14
76
26
1
8
76
129
67
0
151
11
18
74
0
176
24
77
0
0
16
16
87
39
0
81
126
108
3
1
170
40
2
285
0
301
16
136
219
0
122
7
10
28
1
384
77
81
131
0
108
121
207
184
0
190
11
5
26
0
104
66
4
8
1
41
72
60
3
0
238
18
69
273
0
5
124
92
81
0
42
63
185
7
0
193
10
88
196
1
128
70
106
92
0
172
62
23
90
1
70
42
4
39
1
2
49
19
115
1
18
65
2
139
0
48
9
21
213
1
476
48
45
173
0
262
46
54
268
0
60
37
34
210
0
512
47
249
60
1
329
29
4
94
0
14
44
59
17
1
11
133
87
63
0
8
60
167
117
1
64
76
3
46
0
323
0
34
5
1
223
92
14
148
1
302
1
123
164
1
237
99
1
97
1
308
17
110
220
1
177
77
2
57
0
72
52
7
89
0
54
61
77
34
0
364
44
32
13
0
24
13
85
58
1
131
30
1
28
0
506
12
107
111
0
34
37
25
240
1
480
35
32
110
0
157
4
82
42
1
31
6
82
133
0
416
81
180
38
0
141
33
105
2
1
72
19
31
112
1
401
13
69
157
0
23
116
54
11
0
9
61
1
9
1
112
32
82
278
0
393
20
191
116
1
387
19
96
121
0
91
63
34
17
0
130
72
163
210
0
70
57
5
55
1
279
59
101
7
0
26
62
69
30
0
121
34
39
208
0
36
4
38
52
0
19
89
3
198
1
29
4
89
88
0
1
2
85
95
0
522
1
29
2
0
622
32
78
255
1
166
110
81
61
0
524
60
38
84
0
271
1
101
44
1
297
103
9
39
0
71
42
30
150
1
395
7
5
29
0
129
1
33
147
1
51
18
18
56
0
212
15
1
13
0
20
1
179
2
0
282
61
35
219
1
49
15
135
162
1
178
18
5
2
1
265
26
76
15
0
67
20
2
29
0
15
85
9
52
0
128
0
87
4
1
280
53
79
31
1
134
3
12
244
0
154
6
43
61
0
141
24
153
48
1
34
42
16
120
0
62
93
20
137
1
310
64
7
71
0
2
43
34
31
0
179
1
128
112
1
19
35
139
155
1
108
1
10
196
0
106
6
73
7
0
20
75
11
37
0
51
15
154
244
0
43
3
103
18
0
153
29
2
11
0
1
22
38
86
0
87
20
184
31
1
189
34
6
85
0
195
146
68
65
0
197
77
49
72
1
387
53
130
193
1
483
80
49
59
1
26
16
114
4
0
139
151
1
197
0
191
11
85
5
0
35
29
219
8
1
24
35
17
18
0
59
29
19
126
0
119
66
103
203
0
7
5
7
163
0
182
1
187
114
0
234
19
14
33
1
380
32
87
2
0
66
82
35
167
0
303
61
169
16
0
323
17
148
220
1
35
2
34
10
1
14
3
2
82
0
337
9
54
5
0
151
6
47
161
0
0
37
1
174
1
292
19
12
58
1
228
30
125
33
1
168
22
239
28
0
37
58
40
174
1
34
2
86
110
1
3
53
109
119
1
51
107
16
38
0
31
3
22
44
1
526
6
3
23
1
351
3
12
150
0
75
21
68
222
1
369
16
79
77
1
111
130
135
81
1
114
33
43
90
0
509
143
115
285
0
143
30
194
171
0
138
52
24
137
0
90
26
118
45
0
344
57
13
145
1
43
1
154
88
1
73
14
151
88
0
111
59
39
7
0
20
13
48
128
0
349
30
72
189
1
55
52
35
47
1
43
54
21
54
0
238
4
241
6
0
116
79
24
32
0
366
8
36
217
0
80
69
49
2
0
23
8
15
32
1
275
34
34
23
0
203
159
98
13
0
195
2
17
29
1
40
3
83
72
1
458
8
60
139
0
127
3
91
326
0
268
6
13
11
0
16
21
90
122
0
22
46
74
31
1
157
160
24
15
0
36
32
33
115
0
189
28
56
73
1
217
5
44
146
1
259
83
10
250
0
154
45
18
95
0
140
53
45
98
0
48
97
47
27
0
26
15
15
83
0
104
18
61
79
0
17
39
8
71
1
137
54
49
64
1
70
95
89
47
1
13
11
80
64
1
441
47
77
1
0
14
44
19
54
0
20
126
70
97
1
115
1
45
20
1
236
80
81
137
0
310
46
44
238
0
109
47
90
95
0
53
38
10
81
0
239
16
124
139
1
169
10
59
177
0
14
2
8
5
1
187
16
81
87
1
1
18
81
48
1
47
96
211
22
0
220
30
115
31
0
320
63
70
4
0
83
14
100
32
0
449
3
58
24
1
29
42
19
36
1
1
30
14
155
0
141
2
24
56
0
395
3
70
160
1
320
78
19
46
1
136
118
0
21
0
467
52
160
174
0
265
33
19
233
1
68
84
138
93
0
446
131
41
179
0
72
18
48
35
0
451
7
155
130
1
48
4
142
117
1
90
0
130
172
0
9
67
45
248
0
1
1
145
124
0
62
2
48
58
0
2
8
8
149
0
26
115
121
68
0
198
3
72
58
1
11
64
58
312
1
334
20
23
186
1
5
42
81
33
0
43
2
132
148
1
524
92
133
107
0
219
90
30
30
0
27
40
9
297
1
129
34
114
41
0
185
45
160
209
1
58
53
94
67
0
129
115
55
21
1
72
39
6
35
0
5
3
4
85
0
47
142
126
139
0
486
49
70
6
0
141
14
19
71
1
1
8
162
91
1
28
73
7
18
1
104
5
23
88
0
20
11
110
188
1
325
43
5
139
1
99
24
35
39
1
289
107
10
203
0
505
86
11
265
1
601
8
81
29
1
45
123
21
264
0
8
13
6
56
1
37
15
82
137
1
0
35
46
9
0
36
95
6
24
0
10
80
98
75
1
172
92
44
12
1
51
54
112
10
1
106
116
57
34
0
356
61
8
85
0
297
2
3
3
0
107
15
77
5
0
30
35
27
35
0
7
1
3
5
1
371
4
4
24
1
58
66
222
18
1
25
104
104
25
1
3
10
9
111
0
36
8
14
27
0
68
4
22
166
1
291
93
163
5
0
15
69
76
12
0
323
12
159
82
0
12
34
14
193
1
484
27
178
12
1
52
9
195
148
1
34
28
75
97
1
456
7
43
29
0
192
9
95
22
0
13
26
56
23
1
157
3
61
182
0
160
6
65
0
0
59
83
26
9
0
66
85
91
109
0
13
101
9
166
0
60
48
31
147
0
472
115
146
126
0
184
48
9
194
1
134
4
11
218
0
100
4
3
61
0
131
39
127
175
1
5
4
35
166
0
71
128
14
134
1
46
60
92
17
0
156
61
2
134
1
114
79
22
74
0
95
53
169
243
0
382
29
7
34
1
114
68
7
14
0
131
24
3
31
1
275
80
6
109
1
276
39
2
152
1
148
22
52
17
0
41
3
87
157
0
216
33
14
12
0
337
29
26
71
0
56
31
40
5
0
27
42
7
149
1
206
20
20
4
0
94
28
105
196
0
73
4
89
256
1
71
4
33
17
1
28
60
12
156
0
116
19
21
14
1
204
16
33
11
0
85
2
53
17
0
70
34
61
14
0
51
2
50
22
1
6
36
155
19
1
17
10
49
126
0
85
62
104
85
0
292
23
163
76
1
431
20
34
48
1
176
3
248
32
1
3
7
8
10
0
99
45
99
29
1
37
115
1
213
0
3
15
12
95
0
2
62
5
264
1
93
106
63
97
0
56
47
7
141
0
129
10
120
122
0
113
25
108
39
0
15
30
21
72
0
345
2
91
17
0
10
14
8
8
1
196
44
145
43
0
95
56
65
4
0
356
81
172
16
1
163
9
26
7
1
510
56
90
46
1
257
10
27
257
0
105
39
20
145
1
11
122
165
46
0
159
16
182
222
1
235
82
24
111
0
28
43
115
80
0
278
27
57
126
1
32
97
16
145
1
255
50
4
31
0
285
19
18
212
1
257
57
63
241
0
495
9
137
15
0
12
49
105
12
0
33
16
18
12
0
627
86
43
56
0
26
32
157
22
1
240
28
5
161
1
280
29
14
239
0
538
19
35
9
0
491
148
9
267
0
3
43
120
0
1
79
51
126
90
0
464
19
29
247
0
215
3
166
49
0
9
31
9
99
0
304
20
4
13
0
48
62
35
49
0
3
1
28
48
0
207
125
100
34
0
392
64
3
60
0
464
2
77
4
0
131
9
42
1
0
19
32
10
199
0
291
97
34
185
0
41
39
128
28
0
279
83
60
53
0
4
46
10
66
1
182
63
51
1
0
420
50
78
106
0
339
63
24
27
0
249
8
40
3
0
159
84
11
159
1
106
22
106
68
0
148
64
176
108
0
21
14
165
235
0
172
79
116
98
0
246
1
4
174
1
47
38
41
138
0
227
78
47
187
0
65
74
127
26
0
325
6
32
8
1
401
1
28
219
0
129
6
19
74
1
294
10
135
294
0
201
68
49
143
0
270
44
85
2
0
12
71
64
25
0
375
122
185
29
0
355
1
35
153
0
130
32
34
151
0
72
22
16
14
0
1
57
28
126
1
111
6
200
132
1
222
30
93
151
1
276
31
38
155
1
259
3
1
10
1
0
32
18
74
1
151
93
75
36
0
481
107
38
70
0
278
10
20
50
0
53
1
26
107
1
591
40
214
1
0
301
96
2
170
0
235
128
186
101
0
48
82
64
19
1
548
46
4
146
0
84
67
152
168
0
176
50
74
144
0
61
28
76
104
0
235
55
13
193
0
190
53
44
87
1
29
45
125
35
0
8
156
68
112
0
94
63
196
21
1
82
88
127
42
1
5
44
1
4
0
72
12
9
42
1
252
79
162
70
0
5
51
149
175
0
88
32
31
4
0
196
31
9
156
0
18
98
120
62
0
469
25
48
36
1
39
27
32
216
1
169
23
51
9
0
18
126
9
8
0
43
1
7
19
0
414
55
92
38
1
117
46
22
231
0
44
59
74
10
1
138
43
108
40
0
182
16
97
87
1
303
68
24
5
0
88
4
68
73
0
116
3
78
329
0
322
38
3
145
0
10
29
28
48
0
192
49
5
62
0
171
16
31
14
0
110
10
71
9
0
549
23
155
46
0
55
41
110
26
0
333
62
18
23
1
99
23
191
93
1
144
49
23
15
1
41
42
65
46
0
151
48
43
38
0
426
1
147
89
1
112
4
94
196
1
175
39
2
59
0
204
46
5
174
0
51
70
41
45
0
37
6
29
14
1
430
10
12
94
0
21
17
18
9
0
345
31
23
87
0
183
109
13
105
0
265
3
36
9
0
479
1
153
67
0
163
25
138
114
0
118
53
7
57
0
29
41
62
156
1
18
60
149
90
0
246
68
129
196
1
482
8
38
22
0
90
1
61
74
0
2
12
101
3
1
31
22
42
3
0
1
40
80
83
1
29
35
89
168
0
141
53
189
83
0
24
124
49
242
0
128
55
47
161
1
8
7
144
127
0
111
2
31
202
1
258
42
8
9
1
251
5
23
21
1
432
112
173
163
0
378
68
112
246
0
12
84
29
4
1
22
32
156
3
0
424
71
2
187
0
49
55
183
7
0
87
11
55
6
0
51
4
24
13
0
223
42
42
34
1
0
47
106
204
1
19
7
4
129
0
102
18
84
46
1
76
3
26
107
1
71
79
110
190
0
291
37
214
41
0
3
15
30
153
0
379
33
46
158
1
454
6
121
103
1
181
