20145
22877
23952
22185
36681
29851
25118
36019
33948
28210
34163
35813
26326
22665
34259
38906
32003
10901
34423
27368
12230
0
16
43
8
28
6
26
45
41
28
21
29
41
33
20
8
31
19
39
39
7
25
18
43
12
31
39
8553
22899
22870
33595
26053
18242
29784
4200
41021
24375
9459
6889
22814
13673
8768
22693
22477
28222
39986
28952
5513
33069
13843
25639
13320
35061
22781
16406
34911
19650
26677
27380
38409
22532
12240
33907
16783
25897
22849
42801
16400
37581
31931
2825
29569
24172
14388
11112
8503
21745
40613
40153
20995
38646
42481
17959
19700
6517
38697
36944
27511
13451
21069
21777
41315
37057
22487
36449
32855
24045
33825
34905
24151
23521
31292
0
37
28
0
11
36
18
39
32
29
37
19
40
21
35
11
35
9
34
16
11
10
11
29
33
37
37
33
14
17
28
30
37
27
29
41
18
11
22603
29795
28819
32517
18212
36018
36412
24389
18130
36055
36376
39883
40669
34583
23775
21237
8023
20689
29900
13526
24713
20103
33763
31767
19669
16450
15905
30868
37763
32753
23023
27975
24461
18983
19882
28392
14981
6855
30005
18663
30221
35885
29779
27831
31056
26097
14295
18663
27879
14662
27449
17259
7888
33007
23338
12560
37671
13876
32821
23573
7609
3957
30136
14309
22471
11441
39573
39697
27426
27155
7765
34086
11669
16773
20737
34681
15089
29959
29486
30881
40740
5727
7641
10403
14929
25737
0
36
37
25
31
35
19
26
15
13
25
31
20
23
38
37
13
15
27
31
39
15
28
13
26
15
32
39
37
19
15
29
14
5
15
13
3
13
32
19
13311
7131
40573
20861
32131
31355
41541
15447
20442
38097
19968
17899
29747
22354
29596
32843
17536
11583
19677
19411
30765
34483
16684
33787
34463
36575
18003
20935
22015
30681
5889
34795
9316
20623
24893
37005
27249
30125
19477
19559
37347
28547
31505
17433
25895
25717
33467
6302
10537
30098
12673
13135
14957
10131
31855
34733
25183
30643
33533
33962
36703
32424
20651
28765
29221
22159
24180
37847
16535
31396
14852
6129
31164
28234
34693
2229
10650
4999
15156
29742
32801
16597
26810
35316
30061
43076
21449
27733
0
42430
35455
27882
23389
30215
18134
28243
28610
31765
26213
30017
24953
36148
26393
38555
0
15
9
39
17
5
29
19
17
17
4
24
17
18
34
43
13
21
15
15
21
25251
32999
11941
13376
16144
38220
35015
25344
24985
22466
11385
21331
33465
22780
40589
16154
26860
11755
25487
25831
7999
27853
25248
25654
14995
34027
15672
31555
15720
18840
10409
38375
17433
8081
19798
41455
24937
26626
39435
15827
13863
37331
28979
35074
32650
28141
29149
14518
24951
42333
16461
27321
40426
24401
28385
35413
21813
43893
26409
37416
6679
35581
18163
38671
3341
34329
15393
17379
43395
0
12063
40257
23199
12437
23886
38913
38253
29435
35311
28699
32649
29927
22815
29526
26173
30640
40576
11656
13357
30007
20639
34428
39448
12915
19521
3388
31765
37357
28113
16013
15750
16763
29260
9797
19343
41867
17890
0
19
17
29
9
31
26
28
11
31
39
31
28
28
9
37
15
22
8
37
45
29
22
35
33
29
26
15
27
37
15
28
21
27
13
14
13
27
11
5
23
43
28
19
15
31
39387
33633
15507
25545
8228
20230
20113
35177
13185
26817
17324
24208
33677
8936
7375
30222
10069
8940
16115
23745
37869
18311
11693
33676
23653
28029
23469
18844
32503
7936
26551
10721
27385
43389
18292
41223
15079
15137
10627
23546
22542
27237
32144
33081
8227
31641
24332
19239
27751
33803
20147
18017
39351
11894
34265
20343
8357
21060
17281
6645
30200
38454
28836
29561
15724
31355
38347
36991
20355
17653
18555
1229
18685
31920
6049
27889
27557
233
10183
11449
14176
21556
29773
30199
37381
7605
40957
31328
29476
15305
6547
44074
9872
23146
0
17
33
29
20
37
4243
34081
23771
29210
38212
36485
20877
17828
21266
13141
28503
4445
28405
13189
17287
4729
30223
12022
22128
15181
27633
32702
17218
27529
28539
11051
17777
40821
21801
19337
29137
34388
14847
30299
26803
37780
14703
9807
32845
32251
40951
36483
14897
41333
22547
12907
23565
31441
32878
18143
22039
21821
11363
37803
0
41
37
9
19
33
25
39
31
34
10134
6751
34263
24567
23717
16307
33591
32133
39816
40771
23779
21409
11177
37861
43161
15957
14797
2001
36764
30221
8533
22028
8161
28759
11597
28233
6187
22853
14695
5317
23743
18394
8871
40929
28503
26601
34715
25907
25904
11092
18657
31225
30508
30044
11103
20814
35328
13235
29815
13993
24409
15601
14413
12981
31169
20952
20340
15841
0
20
29
27
32
35
17
26
21
23
34
23
41
17
16
18
41
24
17
23
24
23
21
25
9
26
29588
35236
15085
18810
14134
31465
4788
20143
7697
26335
32597
25967
32121
12615
32863
16277
34014
20401
32144
14541
26448
32819
23877
3931
24428
24397
22144
24719
11240
28711
28528
19159
1671
28851
35315
23831
7886
31894
18819
20193
31409
38115
10833
41669
14477
23427
15397
16841
40790
35746
34388
20887
17763
22525
16732
19283
10215
9747
17753
13233
32172
19716
36150
39459
36995
39205
30881
15421
21927
38540
22237
23891
12999
24207
0
27
20
13
28
27
7
39
15
7
17
35
23
43
43
35
35
15
37
12
29
35
24156
36543
27101
27796
17761
20117
20703
27084
35075
8139
5107
25371
25513
34727
23560
39295
22189
7769
11671
25757
28209
43829
8722
20813
9853
13804
16407
24590
33915
8016
22933
23387
10527
23055
5457
13495
34040
19951
26007
40057
10238
9969
10738
19491
18645
27642
41743
35128
6094
25085
27357
22395
11599
17364
22100
17469
41075
30267
34995
37451
37107
36373
7593
24875
27429
19271
13827
23767
38535
21398
0
15713
0
10927
24187
24691
20783
3057
42383
33129
23433
30315
15339
24401
38158
40951
14600
15000
30951
38207
15243
22827
19059
21271
28078
34377
30341
4123
11848
22031
31681
41258
16115
13701
41728
34061
10463
24400
35049
11687
32077
29485
21209
13344
35122
13078
19537
8969
37100
8719
17649
10876
0
10587
26249
35779
31915
26905
20445
15501
17871
34131
27733
27325
25891
39723
21033
36433
20539
30271
22653
24813
22083
27609
22599
0
19745
11849
20239
22707
23115
25079
22750
25389
24667
2457
17971
4481
20199
31765
0
4721
38903
36089
21381
22709
20618
40191
23965
28675
21513
16894
22107
5187
26789
6392
20693
33755
29261
7355
29445
32265
7435
24227
29729
35299
26579
31901
33561
13694
37194
25661
7235
37139
39673
6051
26409
7293
26711
23378
16833
0
27340
15819
28848
26979
1783
37677
23365
8306
23411
12675
23373
32379
30209
30619
43155
19203
20879
27080
26349
16359
16893
43684
7403
4634
26083
33271
21347
14457
24243
16797
18443
34317
26051
23699
30513
12780
25989
0
25068
29707
35814
17977
18827
21503
26425
10875
41689
21504
8093
32520
23475
20044
29053
18735
33943
2963
35101
21685
9128
15359
19223
15265
14203
17703
9815
24839
13417
0
30680
13074
32626
10182
15103
14565
29939
23875
22213
7751
37653
22767
10428
29092
13371
27031
33034
37143
11209
10917
7049
27989
20705
27483
31895
32579
15523
0
33
29
29
25
23
29
41
18
24
23
19
15
29
43
43
33
37
33
33
11
15
27
17
27
39
13
38
24433
14577
31663
34167
18976
33431
40316
10935
37267
32579
28399
34591
25231
16945
15436
24405
14842
24185
19347
32879
29475
28936
10289
22655
34259
36221
27663
33245
41090
10601
4516
23685
13023
12516
15286
24805
33354
18730
24455
36555
34068
31623
28016
27943
27111
10639
20960
24223
19889
20204
15606
12925
32999
12532
27499
18533
38325
10705
24067
18544
33773
27241
20108
13463
30517
14315
41332
30259
15553
17621
32939
33245
13115
23295
15638
29625
0
19
17
19
30
21
35
33
25
15
21
21
33
29
23
23
39
35
31
37
41
36
34586
23629
26663
22302
27801
15881
28311
9778
36488
10242
4651
28187
8617
40439
6048
36375
26339
19633
21969
17083
22590
8937
7734
23745
26329
14519
19660
20830
18350
23555
39201
19987
16585
10641
29707
37524
36503
17837
33037
16869
29283
16850
26220
30241
4449
4115
14326
15055
33555
29785
13775
8564
15208
22635
17589
20638
24344
10373
23566
35329
15531
8241
29889
24789
40926
36163
29947
43605
22789
36887
0
29
23
1
16
35
33
42
19
21
19
24
20
23
27
25
23
22
31
13
38
15
31
5
21
15
12877
38243
34236
14163
17715
38655
11765
32197
22323
37593
29707
12763
16151
17071
31527
15605
38737
27482
17169
24206
21120
42349
9735
26501
33929
17568
6085
14651
25437
21483
18789
37801
37846
22784
18953
18645
23799
13858
14377
30073
33487
24505
14718
36785
20821
41747
30359
9107
40765
21081
24079
12270
28307
30011
35865
25950
20087
13891
8909
38925
29443
32769
35940
30875
26395
18252
28313
11021
24227
20803
30453
15017
32720
33633
0
22085
28499
29131
4811
24133
22895
25895
15731
12047
12049
38462
15005
21235
20903
9429
27039
9195
21493
31898
8493
37240
25839
20062
17701
8319
7307
32162
13613
21850
16049
37557
31865
33705
37860
22073
23617
31317
30097
33946
33379
17830
13193
8647
22375
6707
0
37
19
15497
25397
29415
21058
41838
32929
40974
19339
12269
32217
29929
10028
26677
29645
20902
14269
31127
20301
13523
28007
29735
17705
14625
42287
36277
22035
32391
41460
29828
37859
19807
41835
20493
40335
16359
22258
16856
33655
5484
12677
29100
35739
28354
26187
26361
28505
4131
10335
36179
24593
13961
0
29
13
19
35
22
36
26
33
43
17
39
34
16
31
26187
40368
24797
16873
35370
40734
39079
13979
22935
27247
20070
30702
14967
21195
22486
26277
30904
20494
15603
33831
25899
24841
13777
38585
15393
37673
22106
17411
13745
29716
37420
32359
32324
9309
29935
19389
28289
10638
28557
20604
39804
17067
12571
13855
5799
26123
22567
10433
19407
35116
31957
26391
29086
32689
25574
37003
28183
20601
11535
18417
5638
12435
24913
0
25
15
20
3
6
27
35
11
13
3
33
33
19
19
18
8
25
15288
33559
10797
25688
38761
20733
31313
25611
11921
7423
38581
26087
29649
36135
9619
39953
24199
21523
38151
15571
28566
27919
23117
18837
19155
26123
32618
39982
32483
9332
25275
14139
34616
7619
19980
31299
35475
16519
10838
10849
20263
33819
31109
15543
28816
8195
28461
4240
27369
30639
27687
7912
22783
31222
25638
5197
20881
19161
17203
38787
14923
29295
29223
17314
16085
25040
0
26
31
34
35
26
26
41
9
28
25
31
21
40261
4085
27269
21575
28424
17253
28838
20413
14023
14603
22968
31464
25039
31587
25074
25869
19065
27205
38358
21326
17289
30056
32669
19827
29327
30491
25586
26991
29825
14473
33503
38873
21325
38747
24995
21687
30085
19799
35983
21557
25035
23897
9625
4177
14019
13167
25747
36253
34472
31917
12689
30465
21653
43533
10859
32979
13040
11609
8121
3155
26304
0
17
29
18
11
41
31
15
36
23
19
1
9
7
19
21
43
23
41
15
22
27
17
32
15
5
23
21
15
39
13
39
45
19
29
35
21
31837
27922
27119
24822
21119
29292
12545
19381
25665
23217
17085
30783
23995
22687
6209
5636
29405
41849
38326
19637
16907
9469
36298
7701
40231
20223
27434
18658
33541
16953
7437
24225
29781
37241
35367
27909
26447
21605
30461
39035
28293
12631
14261
34695
17099
24731
16741
26350
32451
17894
23756
21177
33175
26424
36731
39524
8768
24049
28943
36897
28868
35249
10111
5094
22521
40721
22322
31929
24906
22273
32275
33368
18613
22887
2257
35041
32279
15989
32493
17455
5564
17462
19363
10293
34487
0
43465
17635
10171
31212
37691
15615
16101
5047
41629
6497
16890
16019
10234
2945
28773
37897
23883
35804
40617
34054
25263
37903
26140
25357
17477
18589
12349
4709
0
11955
19061
9215
35811
21700
8677
12409
32211
12475
37597
43764
28728
28413
19589
43122
26143
14235
13485
12117
37993
28069
18777
33695
20729
31503
34971
18435
11577
32212
23589
41259
21236
20402
15949
25845
40696
27790
16993
11818
20725
8713
25915
44003
17117
24167
5392
11953
30884
0
0
9
41
45
38
14
33
18
37
15
27
32
37
31
39
23
35
33
22
5
41
12
28
16
17
9
25
41
28
21
27
31
15
21
9
37
13
23
16
39
27
23
23
29
19
33
25
11
10759
35889
8721
28023
18580
25275
29229
27525
13269
10579
20124
40739
3268
26831
14433
24668
35335
10518
34158
31074
36283
9521
28376
35749
30008
9533
9481
29685
6519
20293
9277
34309
22207
29717
13593
19527
20603
6085
25215
31215
25378
38285
28439
36396
33929
6775
31575
21175
38733
38809
31144
12385
29624
31343
32461
34553
23889
33821
10662
40966
28628
32643
20672
22038
31740
33845
14406
19943
37765
33998
36221
26191
7661
25484
13917
13750
41803
21295
3229
29985
30335
25692
22097
27842
26928
36965
30797
26859
19317
11578
20637
20047
40529
8759
24481
11063
0
17
21
32
37
18
29
27
18
22
9
26
28
27
17
27
4
27
21
29
10
16
12
15
23
26
15
14
22
22163
23567
15729
34987
26598
19661
28633
7181
23729
41829
26889
24533
21933
12655
29049
20049
30201
4433
31606
19821
12233
22835
15282
35088
34148
24261
13517
18077
34069
27605
22747
14811
23133
33580
28879
33373
25869
15793
17751
15653
17398
33060
7589
28859
32561
13721
7427
12925
29727
30189
24355
7706
23122
24591
22880
17202
23409
28585
14908
17280
31163
15651
19297
21105
31509
10592
33831
41630
25513
25913
6759
14737
36989
17767
27415
33685
30393
0
7
23
30
17
19
17
25
22
18
29
31
29
20
27
11
16
10
17
23
11
39
27
25
41
19
23
35
39
33
21
9
17
20
5
31
39
31651
43751
18589
32272
3994
39949
19441
22666
35399
13175
24993
18459
37085
21893
20981
28917
10073
5115
13841
30578
10633
24369
37363
19781
35718
24838
24999
42489
17751
15249
36075
7804
21207
6187
20014
22831
22489
26608
4789
23793
16057
15345
34261
40963
16573
9877
35173
37059
24830
35187
15575
21915
13571
26170
17577
35063
22664
34759
33733
26086
19497
16551
15471
24984
22055
22354
24141
44432
24995
32703
26413
23831
34515
22342
30420
21807
14949
19167
30753
29359
14729
27073
7843
31566
17213
0
27059
10466
1580
25214
12531
26955
37945
24393
36116
16101
20815
31147
36199
19841
21165
14289
26976
21545
24588
30711
17983
30449
5443
20529
24551
34076
31221
25994
16251
15583
22243
27907
9583
36930
12062
26244
38282
10215
15148
19565
0
20
27
38
29
37
35
17
34
23
31
25
18
12
11
39
16
15873
17743
28092
2934
35080
9529
16521
33013
19250
14923
19065
27587
2899
24245
5113
38103
7099
32977
6621
36885
23005
23607
25949
39171
21334
34427
29247
32801
6841
27611
18489
19899
24985
21715
11859
39837
36287
25855
34296
33037
36677
27154
18097
15657
31781
14483
38229
10323
15137
4634
17176
22861
22501
25073
17795
29619
27927
18607
17167
35237
16626
12163
26069
25231
22442
0
39124
14999
29911
31769
28845
21286
31694
32324
9661
20567
24559
35041
25253
11917
2894
26098
7403
38235
29179
21083
18007
11854
29585
27447
19745
32041
40263
27857
11225
33495
28501
26716
12900
13501
29079
8215
31519
34747
31589
0
16405
31746
34213
13527
7847
7720
19659
32485
33994
37109
27488
35751
22457
28436
6847
29825
23329
27105
20394
13654
36807
13738
20322
8425
31461
34623
11551
42375
37131
23720
25698
29293
26609
19551
21899
0
14
33
9
28
11
13
31
23
7
13
27
16
39
35
15
19
12
24
15
38
7
37
17
16
31
5
8
17
28
17
37
9
27
5
28
23
32831
15735
13323
34797
24051
35265
42293
36594
28532
29660
27615
32198
33907
39663
31742
16993
21066
31107
14173
9947
31381
32731
23262
30245
26999
25441
38925
32449
30698
9478
35712
20778
19545
33339
31191
42253
33152
36400
27982
27633
39253
9605
8795
35457
10530
35533
37837
35101
33690
28302
29237
13965
37977
12979
40769
19367
7371
25141
26153
30184
15805
24313
19278
27715
18943
19867
9895
1694
24870
25542
33959
10634
10437
18679
29825
19693
19045
26897
40323
25871
29929
41105
25137
37557
33493
0
13641
14195
19553
42067
27079
23231
32543
6552
0
20
7
4
27
33
17
27
17
19
24341
30122
40785
27437
11955
40710
37919
25923
21141
31316
21291
23842
31041
16991
13677
39244
41665
11925
31543
26634
6269
20851
31338
36499
8451
25363
24433
23555
35349
35643
19686
15626
28198
26412
35423
27517
39695
10803
21004
17083
11243
32236
33701
7739
28339
26765
15857
30358
17675
8226
15806
34513
4945
1607
11023
33707
17313
33749
0
25
6
15
37
43
41
23
43
39
23
35
9
9
13
23
9
32
5
31
41
25
11
33
23
26
35
15
31
23
44
14
29
32
31376
35771
5554
17919
20618
14165
24168
28831
25629
14823
16221
22233
28273
15581
35273
13052
37025
25285
31159
21211
14073
21395
10411
7851
13859
7341
5756
20289
12310
34204
17341
15817
27775
30909
33707
15353
18007
22657
19245
21468
14467
42047
19446
36799
4761
25752
9656
25143
32264
27577
16975
21901
15657
29686
34416
21297
14365
10137
22415
20667
23285
37127
22391
15450
15313
33009
23666
26233
28780
41830
38206
7025
20999
19723
13634
30393
31033
23003
19543
30010
26025
26345
0
7
32
35
16
23
27
27
5
31
34
16
19
17
16
29
17
17
31
12
34
42
17572
31461
22139
33682
17594
28262
19697
25922
11386
36653
7627
30677
33963
41781
9459
26704
38203
33397
25239
41241
8696
17148
29703
31559
14535
24201
26527
7903
33062
22401
27595
27519
30071
16471
36957
39077
8285
33559
33003
33864
19757
29451
7721
32915
34540
12129
12745
12096
11125
22883
20429
6309
25483
43595
19256
21529
8400
32813
35967
15649
33293
17863
10541
19865
29735
36005
27702
26680
4357
37553
0
12092
34243
27496
11765
37646
9409
41983
25447
26542
19518
27067
21899
33341
23984
29629
35163
30137
13035
34593
38974
0
25901
10549
14191
30999
11323
26185
31969
20283
14199
32362
39793
24572
26193
30062
31550
22312
14042
11336
19832
35609
42591
20081
24877
16950
35916
31032
28198
29061
9810
13325
30159
22057
36647
12388
31427
22225
23585
16131
19839
10733
11647
27296
33596
7383
0
15695
28003
15379
23250
22341
21135
10738
0
29596
0
30461
10123
15161
35699
14659
38034
0
13917
29542
42217
22439
7297
26843
13215
21891
8601
21174
22505
33157
16615
16631
34101
25063
44257
30393
29469
15239
31422
36189
31093
36907
12717
24039
12953
13227
10493
11505
17253
0
35
31
8
27
24
37
17
31
33
21
35
34
23
35
25
26
24
33
27
42
13
21
28
12022
18872
31079
26481
13177
26391
20573
19695
18108
22890
40103
23697
23188
31596
27839
34635
34577
11487
22241
36329
15318
37551
38043
5688
22217
27801
13946
38427
18870
39125
24237
23864
39339
30344
19615
11789
37783
17859
36957
32607
10309
29775
31956
13565
22783
30295
27567
14725
33906
24939
38584
33478
20907
38535
22515
40667
32952
21726
20007
15253
10589
17877
35081
19507
9148
31183
24241
17654
17154
22820
24633
18635
0
11531
22315
21547
13721
24341
36786
30788
23263
17265
33837
36321
33885
11721
37929
28157
31888
23610
25337
14226
10661
26685
15010
29567
38725
40549
27795
27263
31709
0
13
12
39
15
27
36
18
24
25
25
29
28
20
31
25
23
16
17
31
17331
15365
15583
29189
31332
19623
6913
43603
14167
24793
21623
15105
6379
10053
12228
20454
22091
11284
34395
17873
17208
24248
18991
36793
31960
21419
30805
28311
17509
10259
37437
31978
11697
31757
16795
19445
16034
36114
41842
16035
18729
28943
25361
12797
38115
42985
25231
26211
14461
27173
4504
9509
17251
15423
9439
14693
39263
38531
10111
37811
25799
8873
29651
16696
40261
25387
36064
29983
0
31979
25941
23897
26127
27417
26377
15505
0
37
11
23
25
16
7
22
37
31
28
22
7
31
37
33
11
30
39
42
5
23
5
28
29
37
33
23
33
17615
37974
22007
39522
14565
11000
9393
23661
12411
25175
23853
35061
7322
41550
17305
26897
4403
15895
20071
16525
31127
34045
26250
17793
36881
37108
27309
19737
22549
10453
13402
33905
27433
4641
31828
28385
22321
26245
28873
18447
35045
25361
10205
33607
26829
36863
36181
8953
9923
40551
20129
31541
25071
36123
27213
35363
14347
36454
16552
30282
24566
20823
24833
27985
23522
23641
27717
18264
20329
19313
20035
3909
20211
34418
34185
9425
25621
0
38451
27429
28836
14593
25237
23875
20166
29883
10849
18698
28080
26448
31362
41123
27431
18224
26887
16523
36744
20489
30239
15599
17513
24395
16457
6445
37685
18511
4269
13829
25815
28070
17213
41453
10279
40599
8319
15045
20595
39970
36683
12977
13845
12205
37851
41431
34715
0
11969
18995
2347
10367
21365
28047
31751
33493
29417
21893
14263
21005
30723
41435
23629
11669
28383
14751
24070
19123
23925
21453
39131
34257
22275
27951
26419
31969
30032
32121
26923
34455
15840
18339
32139
14341
42333
23721
33710
21347
19210
32693
0
10
33
31
35
17
20
7
35
35
27
15
12
38
25
37
25
24
23
36
1
41
17
34
5
34001
22731
36830
17249
4359
37718
28207
36869
21765
29931
26521
11735
9589
26391
22857
37373
20361
21843
17249
11491
33044
17853
7832
22421
19487
41597
25750
7125
16733
23665
36199
17573
9612
16147
36962
26958
32529
35035
30973
22685
15625
14071
19189
18861
27010
10012
25440
15215
23284
24918
42021
20989
24089
28589
10772
33103
31581
28119
22994
8035
16333
25065
12553
13923
9103
2371
14473
39605
38109
35209
28591
22661
22633
0
24268
18839
11593
6431
17346
34137
24926
3913
14995
21587
26510
15525
25857
12185
19358
21629
24619
23179
4385
14874
0
11742
5141
10585
17739
22849
29391
35565
27527
32298
30311
5767
18388
36729
17329
16985
15753
13119
42583
11133
20399
32687
39895
33407
28703
12601
6593
10465
37146
17131
11153
33105
9673
18376
32933
37489
0
14
35
31
15
17
11
27
33
17
32
35
5
29
13
41
36
29
15
31
13
7
8
42
26
3
21
25
37
39
5
11
31
40
1
23
37
32
33
8
30
39
35
45
25
35
41
37
23
15
14
26031
35175
14560
43821
13385
16425
22614
7529
28837
28207
27534
8784
31563
33277
18274
22557
37751
19826
36999
41632
32489
3211
14082
13801
12331
10906
9893
10732
20321
4787
37375
22753
20045
22949
4431
28744
12721
26981
18531
6524
38823
20734
17913
6326
36555
30010
27610
18752
18585
35636
17015
28753
19716
39777
19979
15993
31432
40302
22921
29031
35547
37002
34966
15813
26148
9058
5675
34183
34659
22667
19882
42319
12024
26294
32357
20334
26550
31774
35025
36801
11791
37518
26507
36669
12733
18625
11961
32939
21365
25185
42193
35176
37412
37653
30082
8187
29399
29367
26369
0
28
8
25
24213
20677
36346
11576
41794
14694
17411
23581
27189
7809
30647
20253
26037
19558
16755
9537
26123
28565
16272
6942
18873
35520
22139
7897
24153
32546
23001
25809
25587
28811
12767
4923
13113
11813
28159
3334
17005
25305
36129
26601
14898
11648
16979
25913
17979
8373
33701
20949
12026
14194
41137
16825
0
18931
31347
25366
24155
14438
30057
32193
44067
16622
15278
3113
29558
22719
24718
38021
0
33233
36939
35723
36581
30243
14679
24615
23061
38119
0
45
0
22
15
27
41
31
23
29
32
27
29
9
16
33
15
28
37
31
40
23
36
25
15
23
31
19735
32533
9355
10532
15316
14635
19687
2325
37978
18185
20391
15921
25943
15131
17915
34387
17423
32903
29798
7186
25307
5053
33068
42619
6961
15692
15722
22875
29461
26568
17129
25709
30235
26840
12226
27663
21675
13599
23294
20533
35217
24025
15209
41275
36757
37041
29309
21977
31191
6659
22805
36639
13266
28465
25174
41002
17247
20364
31774
43207
6488
26159
34978
37177
23191
25010
7117
36521
6575
8969
16773
18278
18170
29111
18209
0
42043
437
24610
25801
19877
32910
24965
7813
14413
11997
41200
39479
30971
18009
25915
17809
28040
21565
23501
8261
33787
14871
35674
27539
30022
37620
27859
28818
31577
18183
25591
30290
0
31
39
38
41
31
35
24
16
26
9
26
13
13
23
15
25
7
16207
27875
26485
24549
13215
32074
5449
15612
36537
29710
24437
27198
29616
32934
14057
43005
31727
32817
30220
32989
25762
15599
26093
16111
21107
14390
19068
8226
32893
36650
25271
27277
31443
17854
35297
30129
29315
33147
15909
25947
23409
41500
25293
20215
29817
16589
18779
22223
36203
38578
15739
18290
32625
12585
25735
26581
29082
8649
33443
27061
30509
19029
20779
15303
10523
18489
0
27791
17392
23174
11661
6133
28853
31989
35179
36387
9489
13559
19026
11575
25231
41690
24672
33837
14979
18001
30570
0
35
39
16
35
6
24
39
27
13
9
33
29
16
43
12724
31883
712
19949
29407
15115
32263
22491
12585
31793
16039
13057
30614
14327
29776
19455
27433
22179
20791
1223
6776
26547
18310
30959
35775
8290
31532
6079
25859
25621
20401
20224
8535
28123
35097
24945
39645
42236
9739
23664
14181
26361
36225
18819
42806
4738
12614
28529
4055
16655
18637
24836
33075
15899
22589
17547
19831
14733
23637
25125
37739
35697
32591
0
28
26
20
13
25
19
38
17
26
29
23
19
27
15
40
39
29
39
11
15
35
35
31
21
31
23
19
26
17
15
15
9
29
25
3
33
19
21
30
24
32
30
33384
23921
10915
34305
34213
12691
36130
12690
40915
17502
25703
25562
19767
23450
13865
10774
21137
44091
21159
27563
24549
3541
27703
12092
26721
11645
18750
2809
23401
34973
20821
39942
39516
21685
27703
23269
34551
35429
13985
23401
39087
10019
16449
21309
24763
20704
31182
43959
10641
7011
21619
31445
23745
20959
33057
16747
21855
20209
16780
19343
34557
26639
16403
23959
28459
20005
28829
33461
25781
12962
28283
35499
9693
22413
23098
31397
33190
19037
11759
28781
4065
42095
11579
25507
7635
28805
31787
28489
29237
14331
8723
0
10
37
35
21
20
29
19
34
37
24
29
7
39
36
29
22
32
22
7
36
5
21
15
27
24
34
26
21
9
30
18
21
43
31
19
22
13
41
28
25
26223
20555
22337
23343
19025
2563
32847
22814
28641
15919
4929
8052
35847
28929
22375
21141
19403
13545
8829
26313
29897
13389
18441
14167
38471
28523
37155
18963
18629
35352
17289
30582
28475
33362
17605
28391
23825
22334
17537
12895
32657
24037
7218
33491
42027
4473
16775
28802
26627
19193
17918
7858
35309
41871
28269
33837
32637
25305
19583
11716
6491
24104
33649
35945
29046
41271
16776
26197
11789
37851
41055
23737
25334
34631
10227
5319
25318
27771
29526
19967
33344
31259
11062
7097
18028
39191
34045
27330
9065
0
8650
29453
5939
28832
27887
18429
36927
11643
28241
32809
34835
30715
44239
36467
29669
21454
17843
27683
32859
34389
26705
34773
23823
18643
35017
42545
39684
15607
35329
17257
27524
18513
26707
30768
25277
21163
30881
3993
27408
28819
9932
19929
7309
38409
19728
15179
38587
22986
14857
0
20
33
20
15
19
20
23
17
16
29957
13291
29391
7980
6985
29456
31072
27649
4855
21935
31697
13622
32851
24439
17745
5927
36087
28745
31447
35079
7437
7997
28519
33491
36135
17638
15897
33862
33990
33494
29786
11562
34169
11213
40227
34787
33435
35653
22641
17657
26041
28009
26874
24005
19853
20707
30827
17866
15544
29370
21629
32173
27255
2549
22716
27041
36045
34247
0
39
25
33
39
21
33
24
33
23
13
31
21
9
9
31
30
27
11
35
24
25
15
14
12
31
22
31
31
33
22286
14599
12149
27842
17859
23592
29543
37079
23397
17745
16475
18335
22577
34609
34838
30948
41093
24589
18432
13816
24585
23549
26507
35135
26589
26005
21549
12753
20024
26487
24407
20539
30880
7083
35460
25330
25209
37255
23807
32605
26347
18060
18243
44259
11859
17475
13607
19089
24735
22009
32571
16931
14825
35840
4851
30133
19409
31729
17021
27007
34644
34277
22779
15813
20565
12283
35766
842
15567
14547
31633
26485
17979
9190
23059
24663
27883
41649
0
12
7
27
23
37
28
9
4
25
13
11
27
25
19
25
38
32
13
43
19
17
9
15
31
33
17
29
27
25
25
19
10
28
33
41
4
20
21
17
21
9
19
35
39
9
21311
6987
12055
12899
4848
30007
4786
18055
31018
37767
17275
18035
42983
34541
38988
25148
35210
6889
38267
19019
15795
13501
34447
38344
37563
32759
33153
25731
27645
34056
34408
26281
10029
7059
21497
16919
31033
17382
6399
15233
22053
23395
23653
20571
11637
16302
21667
29384
26801
31153
8806
21603
14511
17397
29009
29979
28840
19065
38663
21437
34199
27738
15169
29793
22211
22820
35145
13021
26382
7418
12317
23105
20581
8135
25046
34695
35833
13779
21133
34677
23527
13435
31231
19101
13605
38139
38754
21023
18181
26885
13046
22133
37754
7433
0
6
23
25
13
34
37
37
29206
31828
32230
23881
21897
31655
26079
15535
13657
31825
20733
6767
22691
39935
21090
26641
38919
35847
31853
10914
17987
26401
23284
8991
26711
19727
27027
37271
28993
19769
31107
10303
30605
30157
32211
20891
15737
12428
2365
30910
25261
26533
26995
35573
15613
16197
8405
14207
39858
35111
30909
19068
29479
27677
17788
23247
0
24507
30834
5506
30418
34253
12517
22859
8327
30991
13516
35513
0
27
27
32
9
37
39
33
39
29
27
21
27
31
18
6
27
27
30
36175
26171
13167
25859
28045
23356
19659
23937
33277
11615
29303
30320
38373
29773
37325
19998
40087
28441
19879
16255
41521
20921
23012
8268
29980
29947
30844
5843
32671
30915
6796
33893
17279
32315
35077
7071
36712
18675
24512
32532
27743
15725
32997
42201
13810
7787
14661
22573
15399
22540
11629
30066
36999
32979
30647
31329
16667
40327
8605
3996
27634
30127
18689
18157
15885
26284
38260
0
22
42
23
26
29
19
33
21
27
7
13
23
27
11
34
33
21
23
31
23
27
30
20331
16648
38217
25037
19425
28243
27924
13201
11745
10462
17727
38934
17465
25508
7071
19247
29927
19817
28680
31214
21704
26649
19047
33357
29133
29551
12377
36142
10725
13643
41624
23865
18343
34397
11801
15239
13381
7447
28733
20557
14591
11167
36093
40501
28151
23322
31359
18245
38575
26323
29649
9197
29530
4205
11608
38029
13767
32761
15363
34563
29385
22625
29805
17059
5995
32921
30351
33129
30369
28692
2732
0
18251
20351
33659
23864
21679
29339
20628
34068
36361
9139
30929
0
29010
23583
23095
21319
6506
7565
33364
7483
5355
32248
21233
41817
24734
36162
36692
33537
35727
40369
18652
29031
10620
39061
37285
28709
24081
21886
18964
22837
7165
37849
24307
0
37
33
29
24016
26029
29071
17593
34889
25855
13228
27015
6611
20653
11511
21036
34329
12585
25575
15053
43789
30486
23670
32343
36143
23117
27227
20544
32629
39095
16747
15753
12896
10797
10195
26013
32321
25809
20419
17865
9877
25259
24521
7109
42990
31974
24319
35991
32799
25176
35645
17123
14111
22665
38207
38173
0
35
35
11
17
16
35
11
13
27
16
26
25
23
27
39
15
27
9
11
17
33
37
36
26
13
19
29
17
24
17
11
17
15
9
37
24294
20997
10449
25094
31371
27425
9272
18664
29174
18435
17721
29644
7185
9392
10169
19921
23787
14771
15401
11139
7805
24801
38585
21555
10776
9089
38459
17343
16702
35184
24033
36061
28629
24851
32800
32079
18178
12329
36509
16267
27291
35189
38563
33851
38217
32823
26721
22028
23739
10673
14997
30581
22955
10182
38816
30437
27138
32288
26067
26180
22985
22507
6561
12422
18907
15905
32479
24311
37247
41247
27335
34723
19171
42111
22389
23443
36711
42849
15537
8251
14439
25224
9620
29463
0
38
11
0
3
19
19
23647
3029
20932
8561
32077
37999
25227
9924
24393
31904
35131
11277
42994
33517
7950
5835
9101
10858
23534
32783
34303
25811
26865
3460
32913
39447
2168
20254
29609
21300
5383
14735
23077
14651
24229
8049
29891
32110
28411
30213
19204
26964
9519
15399
22105
21371
26813
27449
25343
31641
721
23913
11328
25588
28243
0
23
38
35
21
23
19
11
21
29
21
39
43
33
22
29
33
12
11
23
12
23
39
27
41
14
21
37
35
21
9
15
20669
22613
37002
25415
17456
21091
2465
19619
33375
29430
40804
36543
18661
29291
35760
14735
35637
24971
41009
29917
20587
13537
29551
34073
23680
35855
37681
33796
12253
39553
25343
19012
36823
22141
29469
26882
14453
39719
30439
23009
16704
31821
15763
23583
11527
26162
8273
34523
25237
22919
39645
29971
31377
19093
22419
22721
31727
13145
38569
41941
16049
24275
32001
22265
26501
31295
36060
37495
40825
26639
31538
3467
10618
35055
23440
36691
23475
17709
16245
13807
0
8598
29068
41755
9263
12597
24587
33525
39676
10303
30745
34247
20965
33553
30687
0
29
39
37
27
24
33
27
18415
16579
21693
11972
43073
20323
33847
7565
21956
14093
15173
19659
25831
43551
35217
23116
41560
39281
26054
26788
7943
25297
23279
20880
30297
17881
14833
12061
28557
24481
16945
12883
26846
28663
32520
21635
35507
18193
29313
20033
4011
38745
22591
33031
28011
13095
27489
36808
35417
4863
33815
15303
35179
34689
11954
16659
0
3111
22527
3159
25655
30485
25273
37313
37439
29405
35707
36117
15568
41083
20615
37627
18949
14689
42588
35447
16823
29625
19127
27702
23279
12425
32351
37661
28871
18251
11331
0
12015
11277
22415
21763
18471
31915
15922
21337
30389
33813
18433
37509
24473
10965
0
14793
20632
17247
14793
35307
16042
15905
30235
30523
22677
29357
35483
31547
4688
20640
26956
15901
40162
30863
10855
20410
11971
41776
0
12
29
26
30
29
19
8
5
21
15
45
11
5
29
35
28
31
32
23
37
25
16
28
34401
36377
24045
7064
17794
38791
16365
25090
37915
33180
17827
32419
23389
28002
19561
27897
10725
21264
16481
36004
37673
15092
16963
39447
27955
40885
39455
15697
31320
24787
19415
11973
37029
28103
30406
33587
13865
40161
16989
34524
26689
18777
38373
17995
39215
38505
26819
24305
20107
29285
18635
18539
22825
19035
16767
13441
6079
29845
14688
33854
34852
19027
21753
42072
9107
19797
26198
19015
37239
9471
36667
20102
0
18732
26217
16241
28275
2695
34353
18605
27042
31120
7951
36784
21995
13005
13101
12031
27167
23139
19523
22993
24621
41247
37195
23797
12142
14105
26883
23513
6665
15459
24667
34649
42283
0
23846
23247
33015
30263
21031
32101
25975
15672
30384
24017
21307
25511
36523
11755
30039
36827
30197
26459
6852
13175
11383
18835
28287
40799
25097
14417
24877
20276
37031
17780
35483
10201
18369
16935
23459
18823
23996
34448
12839
31353
30129
21357
39534
29570
0
35
43
17
29
10
31
29
37
40
17
19
17
17
10
33
27
27
29
35
36
39
9
13
19
5
13
17
33
31
20
15
41
18
28
33080
18985
12363
11229
16104
29031
16754
25783
29179
24367
16559
8783
36987
33657
17563
24966
36157
12883
24531
29349
38281
42914
6525
10568
7650
7393
25989
36701
28143
30951
18666
24773
31109
31213
20907
34929
16959
20849
16267
39148
24807
20200
31947
26446
31093
21414
41081
37717
33704
5128
9487
23113
20252
20621
30139
10309
10661
31027
19813
15254
41915
35257
22814
13393
30041
18287
29247
17715
28977
18587
39820
24784
31143
7226
31757
23079
13403
30849
32225
9325
43123
10151
40265
0
34
27
31
18
19
25
11
25
4
9
27
33
26
35
13
32
21
32
33
43
14
31
18
12
13
33
22
31
7201
18381
10513
36355
4893
33184
1640
29175
14341
27823
31191
10392
24087
26557
13935
26329
25723
10657
13257
13005
22687
29287
32187
24335
18103
20694
18772
20547
20165
39421
18525
33841
13076
26439
16957
19919
24823
44139
26759
10311
38757
27487
37443
8140
12988
36405
27919
34743
20805
26221
11413
13587
14231
10517
18025
17775
33203
8127
21677
17978
36573
33810
20019
38739
10404
28645
38829
16069
33023
40903
29174
27275
18701
29439
30336
15345
22427
0
23
12
7
37
41
36
33
37
25
11
11
29
23
43
30
32
25
23
18
31
17
38
25
9
33
36
23
17
13
15
32
17
34
37
25
19
25
27
13
29
17
41
16
42481
29139
31123
12662
4849
16265
29541
9008
22746
11567
35176
32561
39122
4729
32528
36583
44407
17931
28720
18185
23688
39955
40311
26587
7373
32901
32239
30557
10741
31455
33647
4986
38269
28457
15474
31425
21226
12491
35662
19891
10589
39073
22631
40925
14535
35437
10233
10877
17287
33243
5607
37541
6069
40329
17666
34704
34810
2081
39079
12120
33713
27747
27071
31167
9006
6251
37830
40167
22285
20543
37369
11511
9913
11833
25464
33491
36471
37336
30615
26737
16358
25868
31765
17125
27864
34701
2814
33703
30313
9191
21861
12883
0
30906
4720
42019
14727
20800
11514
13960
32257
39793
17705
33783
13411
14215
38659
12271
20249
20473
22317
41343
8327
19435
25915
28051
30064
31611
28106
11905
24170
13185
8535
20176
28421
29169
11185
33920
28495
25405
12553
37087
0
23
19
5
17
26569
30889
32029
21341
29002
25626
34524
14911
12878
23928
40871
29979
27593
10345
18728
20271
15047
13509
21669
18045
12962
37673
30290
24636
16941
12181
41583
11390
41613
34073
30329
18807
18181
28523
21953
16028
19743
30337
13273
5135
10219
3349
35305
34679
8264
23593
20671
38751
14564
16913
14215
36279
19462
0
27964
7253
23531
8734
22121
32013
30269
36843
13340
31275
32466
44021
26439
31508
35468
25711
27816
13077
18611
35919
23373
22563
7164
23493
20699
15101
12487
0
27196
24669
17987
28287
3717
27899
25945
24211
28319
29609
14685
8707
31103
35045
22325
24588
24813
25610
39044
20919
12705
21849
22330
33463
18215
18471
9595
16712
19609
30129
31670
30550
40005
9909
34087
30681
37626
26761
7494
0
