0
4
48
0
2
11
0
4
50
1
4
48
0
3
48
1
1
52
1
3
52
1
2
17
0
2
50
0
2
17
1
6
11
0
5
18
1
2
51
1
4
46
1
3
14
0
3
15
1
4
53
0
3
19
1
3
13
0
2
53
1
1
49
0
5
47
0
2
16
0
4
47
1
1
10
1
4
13
0
2
45
1
4
49
1
2
51
0
4
17
1
3
14
1
2
15
0
4
16
1
2
16
1
4
50
0
1
48
0
3
18
0
1
17
0
1
49
1
2
46
1
4
48
0
4
48
1
3
53
0
4
55
1
3
21
0
3
16
1
3
47
0
3
17
1
3
50
0
3
13
0
2
14
0
3
16
0
5
54
1
5
51
0
3
14
1
1
47
1
5
17
0
5
18
0
1
11
1
3
17
1
6
50
0
3
23
1
4
49
0
2
13
0
4
46
1
1
12
0
4
16
1
3
15
0
4
46
1
4
47
1
4
11
0
4
49
0
3
14
1
1
17
1
6
47
1
6
16
1
2
47
1
2
14
1
3
48
1
5
49
0
3
17
1
3
49
0
2
54
1
3
51
1
5
12
0
3
14
1
1
14
0
2
48
1
2
12
1
4
16
0
3
54
1
1
8
1
3
18
1
2
13
0
1
50
1
3
50
1
4
45
1
4
18
1
4
17
1
4
48
